Organism	Scaffold	Start	End	Score	ctg16_37	ctg16_38	ctg16_39	ctg16_40	ctg16_41	ctg16_42	ctg16_43	Number	Strand	Layout_group	assembly_file	representative	dereplication_status
GCF_000016505.1	NC_009706.1	3198322	3205324	7.1819	1	1	0	1	0	1	1	1	(-1, -1, -1, -1, -1)	(5, 4, 3, 2, 1)	GCF_000016505.1.fasta.gz	NC_009706.1|3198322|3205324	dereplication_representative
GCF_000018325.1	NC_009922.1	1819041	1824364	9.1899	1	1	1	1	1	0	0	2	(-1, -1, -1, -1, -1)	(4, 3, 2, 1, 0)	GCF_000018325.1.fasta.gz	NC_009922.1|1819041|1824364	dereplication_representative
GCF_000019065.1	NC_010320.1	1489000	1496313	10.2225	1	1	0	1	1	1	1	3	(1, 1, 1, 1, 1, 1)	(5, 4, 3, 2, 1, 0)	GCF_000019065.1.fasta.gz	NC_010320.1|1489000|1496313	dereplication_representative
GCF_000020005.1	NC_010718.1	1852973	1858849	7.1288	1	1	1	1	0	0	0	4	(-1, -1, -1, -1)	(7, 6, 5, 4)	GCF_000020005.1.fasta.gz	NC_010718.1|1852973|1858849	dereplication_representative
GCF_000022065.1	NC_011898.1	616870	624663	10.2007	1	1	1	1	0	1	1	5	(1, 1, 1, 1, 1, 1)	(5, 4, 3, 2, 1, 0)	GCF_000022065.1.fasta.gz	NC_011898.1|616870|624663	dereplication_representative
GCF_000025645.1	NC_013921.1	1062800	1070115	10.2194	1	1	0	1	1	1	1	6	(1, 1, 1, 1, 1, 1)	(5, 4, 3, 2, 1, 0)	GCF_000025645.1.fasta.gz	NC_013921.1|1062800|1070115	dereplication_representative
GCF_000143685.1	NC_014328.1	3687410	3694350	7.1825	1	1	0	1	0	1	1	7	(-1, -1, -1, -1, -1)	(5, 4, 3, 2, 1)	GCF_000143685.1.fasta.gz	NC_014328.1|3687410|3694350	dereplication_representative
GCF_000145275.1	NC_014393.1	2478181	2485341	10.1838	1	1	1	1	0	2	1	8	(-1, -1, -1, -1, -1, -1)	(5, 4, 3, 2, 1, 0)	GCF_000145275.1.fasta.gz	NC_014393.1|2478181|2485341	dereplication_representative
GCF_000204565.1	NC_015425.1	1172809	1179660	7.1841	1	1	0	1	0	1	1	13	(1, 1, 1, 1, 1)	(4, 3, 2, 1, 0)	GCF_000204565.1.fasta.gz	NC_015425.1|1172809|1179660	dereplication_representative
GCF_000213255.1	NC_015520.1	958049	963860	8.1675	0	1	1	1	0	1	1	14	(1, 1, 1, 1, 1)	(4, 3, 2, 1, 0)	GCF_000213255.1.fasta.gz	NC_015520.1|958049|963860	dereplication_representative
GCF_000189775.2	NC_015555.1	1478767	1489465	10.2087	1	1	1	1	0	1	1	12	(-1, -1, -1, -1, -1, -1)	(6, 5, 4, 3, 2, 1)	GCF_000189775.2.fasta.gz	NC_015555.1|1478767|1489465	dereplication_representative
GCF_000237085.1	NC_016627.1	2438093	2442626	4.0963	0	0	0	1	0	1	1	15	(-1, -1, -1)	(2, 1, 0)	GCF_000237085.1.fasta.gz	NC_016627.1|2438093|2442626	dereplication_representative
GCF_000244875.1	NC_016791.1	1824207	1831968	10.2019	1	1	1	1	0	1	1	17	(1, 1, 1, 1, 1, 1)	(5, 4, 3, 2, 1, 0)	GCF_000244875.1.fasta.gz	NC_016791.1|1824207|1831968	dereplication_representative
GCF_000247605.1	NC_016894.1	1518938	1523141	7.143	1	1	1	1	0	0	0	18	(1, 1, 1, 1)	(4, 3, 2, 1)	GCF_000247605.1.fasta.gz	NC_016894.1|1518938|1523141	dereplication_representative
GCF_000307585.2	NC_017992.1	1754451	1761295	10.2085	1	1	1	1	0	1	1	20	(1, 1, 1, 1, 1, 1)	(5, 4, 3, 2, 1, 0)	GCF_000307585.2.fasta.gz	NC_017992.1|1754451|1761295	dereplication_representative
GCF_000389635.1	NC_021182.1	2343622	2350770	7.1845	1	1	0	1	0	1	1	23	(1, 1, 1, 1, 1)	(4, 3, 2, 1, 0)	GCF_000389635.1.fasta.gz	NC_021182.1|2343622|2350770	dereplication_representative
GCF_000169255.2	NZ_AAXG02000012.1	158844	168475	7.1344	1	1	1	1	0	0	0	9	(-1, -1, -1, -1)	(3, 2, 1, 0)	GCF_000169255.2.fasta.gz	NZ_AAXG02000012.1|158844|168475	dereplication_representative
GCF_000300195.1	NZ_AMQH01000006.1	374098	381023	7.188	1	1	0	1	0	1	1	19	(-1, -1, -1, -1, -1)	(4, 3, 2, 1, 0)	GCF_000300195.1.fasta.gz	NZ_AMQH01000006.1|374098|381023	dereplication_representative
GCF_002355795.1	NZ_AP017630.1	2264091	2270589	10.1929	1	1	1	1	0	1	1	86	(-1, -1, -1, -1, -1, -1)	(6, 5, 4, 3, 2, 1)	GCF_002355795.1.fasta.gz	NZ_AP017630.1|2264091|2270589	dereplication_representative
GCF_014218335.1	NZ_AP023367.1	1231729	1239141	3.1093	0	1	0	1	0	1	1	158	(1, 1, 1)	(2, 1, 0)	GCF_014218335.1.fasta.gz	NZ_AP023367.1|1231729|1239141	dereplication_representative
GCF_016591975.1	NZ_AP024169.1	1429389	1436782	3.1113	0	1	0	1	0	1	1	182	(1, 1, 1)	(2, 1, 0)	GCF_016591975.1.fasta.gz	NZ_AP024169.1|1429389|1436782	dereplication_representative
GCF_047150065.1	NZ_AP027090.1	2744869	2751367	10.1931	1	1	1	1	0	1	1	325	(-1, -1, -1, -1, -1, -1)	(6, 5, 4, 3, 2, 1)	GCF_047150065.1.fasta.gz	NZ_AP027090.1|2744869|2751367	dereplication_representative
GCF_033097505.1	NZ_AP028654.1	1680101	1687185	13.2722	1	1	1	1	1	1	1	279	(-1, -1, -1, -1, -1, -1, -1)	(6, 5, 4, 3, 2, 1, 0)	GCF_033097505.1.fasta.gz	NZ_AP028654.1|1680101|1687185	dereplication_representative
GCF_042848755.1	NZ_AP031438.1	1471173	1476774	7.1308	1	1	1	1	0	0	0	315	(-1, -1, -1, -1)	(4, 3, 2, 1)	GCF_042848755.1.fasta.gz	NZ_AP031438.1|1471173|1476774	dereplication_representative
GCF_045865195.1	NZ_AP031606.1	2267634	2274793	7.1873	1	1	0	1	0	1	1	321	(-1, -1, -1, -1, -1)	(4, 3, 2, 1, 0)	GCF_045865195.1.fasta.gz	NZ_AP031606.1|2267634|2274793	dereplication_representative
GCF_000421965.1	NZ_ATAY01000011.1	6297	14002	10.2003	1	1	1	1	0	1	1	24	(1, 1, 1, 1, 1, 1)	(5, 4, 3, 2, 1, 0)	GCF_000421965.1.fasta.gz	NZ_ATAY01000011.1|6297|14002	dereplication_representative
GCF_039521365.1	NZ_BAAACF010000012.1	203399	210257	5.1558	1	1	0	1	0	0	1	294	(-1, -1, -1, -1)	(3, 2, 1, 0)	GCF_039521365.1.fasta.gz	NZ_BAAACF010000012.1|203399|210257	dereplication_representative
GCF_039521425.1	NZ_BAAACI010000001.1	1106876	1113716	5.1624	1	1	0	1	0	1	1	295	(-1, -1, -1, -1)	(3, 2, 1, 0)	GCF_039521425.1.fasta.gz	NZ_BAAACI010000001.1|1106876|1113716	dereplication_representative
GCF_039521565.1	NZ_BAAACP010000006.1	140603	146307	6.1722	1	1	0	1	1	0	0	296	(1, 1, 1, 1)	(3, 2, 1, 0)	GCF_039521565.1.fasta.gz	NZ_BAAACP010000006.1|140603|146307	dereplication_representative
GCF_042845895.1	NZ_BAABYN010000001.1	2990958	2997730	6.1157	0	1	1	1	0	1	1	311	(-1, -1, -1, -1)	(5, 4, 3, 2)	GCF_042845895.1.fasta.gz	NZ_BAABYN010000001.1|2990958|2997730	dereplication_representative
GCF_042847945.1	NZ_BAABYT010000001.1	1087291	1091195	5.0926	0	1	1	1	0	0	0	313	(-1, -1, -1)	(5, 4, 3)	GCF_042847945.1.fasta.gz	NZ_BAABYT010000001.1|1087291|1091195	dereplication_representative
GCF_042848345.1	NZ_BAABZE010000001.1	5323324	5328070	3.1131	0	1	0	1	0	1	1	314	(-1, -1, -1)	(4, 3, 2)	GCF_042848345.1.fasta.gz	NZ_BAABZE010000001.1|5323324|5328070	dereplication_representative
GCF_042846325.1	NZ_BAABZG010000001.1	2210184	2221081	4.1227	1	1	0	1	0	0	0	312	(1, 1, 1)	(3, 2, 1)	GCF_042846325.1.fasta.gz	NZ_BAABZG010000001.1|2210184|2221081	dereplication_representative
GCF_001311925.1	NZ_BBCG01000019.1	17619	21498	4.0914	0	0	0	1	0	1	1	50	(-1, -1, -1)	(2, 1, 0)	GCF_001311925.1.fasta.gz	NZ_BBCG01000019.1|17619|21498	dereplication_representative
GCF_001748365.1	NZ_BDHH01000005.1	4493	8565	7.1852	0	0	0	1	1	1	1	62	(1, 1, 1, 1)	(3, 2, 1, 0)	GCF_001748365.1.fasta.gz	NZ_BDHH01000005.1|4493|8565	dereplication_representative
GCF_002724055.1	NZ_BDQY01000002.1	57403	65369	13.2497	1	1	1	1	1	1	1	88	(1, 1, 1, 1, 1, 1, 1)	(6, 5, 4, 3, 2, 1, 0)	GCF_002724055.1.fasta.gz	NZ_BDQY01000002.1|57403|65369	dereplication_representative
GCF_014193895.1	NZ_BLZR01000001.1	3256980	3263758	7.1831	1	1	0	1	0	1	1	155	(-1, -1, -1, -1, -1)	(4, 3, 2, 1, 0)	GCF_014193895.1.fasta.gz	NZ_BLZR01000001.1|3256980|3263758	dereplication_representative
GCF_017312485.1	NZ_BMBA01000001.1	1204039	1210812	7.1818	1	1	0	1	0	1	2	191	(-1, -1, -1, -1, -1)	(4, 3, 2, 1, 0)	GCF_017312485.1.fasta.gz	NZ_BMBA01000001.1|1204039|1210812	dereplication_representative
GCF_018332455.1	NZ_BOPZ01000008.1	44700	51714	10.1916	1	1	1	1	0	1	1	200	(1, 1, 1, 1, 1, 1)	(5, 4, 3, 2, 1, 0)	GCF_018332455.1.fasta.gz	NZ_BOPZ01000008.1|44700|51714	dereplication_representative
GCF_022834975.1	NZ_BQNK01000001.1	1171698	1176472	3.1132	0	1	0	1	0	1	1	230	(1, 1, 1)	(2, 1, 0)	GCF_022834975.1.fasta.gz	NZ_BQNK01000001.1|1171698|1176472	dereplication_representative
GCF_024341925.1	NZ_BQXZ01000002.1	837866	844644	7.1821	1	1	0	1	0	1	2	236	(1, 1, 1, 1, 1)	(4, 3, 2, 1, 0)	GCF_024341925.1.fasta.gz	NZ_BQXZ01000002.1|837866|844644	dereplication_representative
GCF_024345225.1	NZ_BROD01000001.1	1375320	1382172	7.1783	1	1	0	1	0	1	1	237	(1, 1, 1, 1, 1)	(4, 3, 2, 1, 0)	GCF_024345225.1.fasta.gz	NZ_BROD01000001.1|1375320|1382172	dereplication_representative
GCF_039545435.1	NZ_BRPJ01000046.1	21986	26755	3.1097	0	1	0	1	0	1	1	297	(-1, -1, -1)	(2, 1, 0)	GCF_039545435.1.fasta.gz	NZ_BRPJ01000046.1|21986|26755	dereplication_representative
GCF_026012015.1	NZ_BRXR01000001.1	41553	48471	7.1896	1	1	0	1	0	1	1	244	(-1, -1, -1, -1, -1)	(4, 3, 2, 1, 0)	GCF_026012015.1.fasta.gz	NZ_BRXR01000001.1|41553|48471	dereplication_representative
GCF_902143515.1	NZ_CABFVD010000001.1	114357	121386	7.1858	1	1	0	1	0	1	1	388	(-1, -1, -1, -1, -1)	(4, 3, 2, 1, 0)	GCF_902143515.1.fasta.gz	NZ_CABFVD010000001.1|114357|121386	dereplication_representative
GCF_902374755.1	NZ_CABKRL010000001.1	762142	769229	7.1857	1	1	0	1	0	1	2	389	(-1, -1, -1, -1, -1)	(4, 3, 2, 1, 0)	GCF_902374755.1.fasta.gz	NZ_CABKRL010000001.1|762142|769229	dereplication_representative
GCF_902375375.1	NZ_CABKTN010000007.1	926950	933826	10.1978	1	1	1	1	0	1	2	390	(-1, -1, -1, -1, -1, -1)	(5, 4, 3, 2, 1, 0)	GCF_902375375.1.fasta.gz	NZ_CABKTN010000007.1|926950|933826	dereplication_representative
GCF_902376185.1	NZ_CABKWO010000005.1	1115118	1121623	7.1782	1	1	0	1	0	1	1	391	(1, 1, 1, 1, 1)	(4, 3, 2, 1, 0)	GCF_902376185.1.fasta.gz	NZ_CABKWO010000005.1|1115118|1121623	dereplication_representative
GCF_902377545.1	NZ_CABLCB010000083.1	376970	383904	7.183	1	1	0	1	0	1	2	392	(1, 1, 1, 1, 1)	(5, 4, 3, 2, 1)	GCF_902377545.1.fasta.gz	NZ_CABLCB010000083.1|376970|383904	dereplication_representative
GCF_902386815.1	NZ_CABMKD010000012.1	1599550	1605064	7.1289	1	1	1	1	0	0	0	393	(-1, -1, -1, -1)	(3, 2, 1, 0)	GCF_902386815.1.fasta.gz	NZ_CABMKD010000012.1|1599550|1605064	dereplication_representative
GCF_902386895.1	NZ_CABMKL010000001.1	2240289	2244987	3.1126	0	1	0	1	0	1	1	394	(1, 1, 1)	(2, 1, 0)	GCF_902386895.1.fasta.gz	NZ_CABMKL010000001.1|2240289|2244987	dereplication_representative
GCF_902386975.1	NZ_CABMKM010000004.1	597219	602040	4.1269	1	1	0	1	0	0	0	395	(-1, -1, -1)	(2, 1, 0)	GCF_902386975.1.fasta.gz	NZ_CABMKM010000004.1|597219|602040	dereplication_representative
GCF_943192995.1	NZ_CALPCP010000015.1	57560	64144	7.1336	1	1	1	1	0	0	0	398	(-1, -1, -1, -1)	(3, 2, 1, 0)	GCF_943192995.1.fasta.gz	NZ_CALPCP010000015.1|57560|64144	dereplication_representative
GCF_943193115.1	NZ_CALPCY010000007.1	93433	98187	3.1087	0	1	0	1	0	1	1	399	(-1, -1, -1)	(2, 1, 0)	GCF_943193115.1.fasta.gz	NZ_CALPCY010000007.1|93433|98187	dereplication_representative
GCF_943736985.1	NZ_CALSFS010000005.1	9921	17030	10.1937	1	1	1	1	0	1	2	400	(-1, -1, -1, -1, -1, -1)	(5, 4, 3, 2, 1, 0)	GCF_943736985.1.fasta.gz	NZ_CALSFS010000005.1|9921|17030	dereplication_representative
GCF_947381515.1	NZ_CANCWE010000007.1	108408	115488	7.185	1	1	0	1	0	1	2	401	(-1, -1, -1, -1, -1)	(4, 3, 2, 1, 0)	GCF_947381515.1.fasta.gz	NZ_CANCWE010000007.1|108408|115488	dereplication_representative
GCF_947568225.1	NZ_CANOOQ010000001.1	853203	858025	4.1269	1	1	0	1	0	0	0	402	(1, 1, 1)	(2, 1, 0)	GCF_947568225.1.fasta.gz	NZ_CANOOQ010000001.1|853203|858025	dereplication_representative
GCF_964238185.1	NZ_CAXSLG010000003.1	94099	98820	3.1132	0	1	0	1	0	1	1	403	(-1, -1, -1)	(2, 1, 0)	GCF_964238185.1.fasta.gz	NZ_CAXSLG010000003.1|94099|98820	dereplication_representative
GCF_964246085.1	NZ_CAXTPD010000001.1	156445	161134	3.1106	0	1	0	1	0	1	1	404	(1, 1, 1)	(2, 1, 0)	GCF_964246085.1.fasta.gz	NZ_CAXTPD010000001.1|156445|161134	dereplication_representative
GCF_964259345.1	NZ_CAXVJR010000007.1	17307	23009	6.1764	1	1	0	1	1	0	0	405	(-1, -1, -1, -1)	(3, 2, 1, 0)	GCF_964259345.1.fasta.gz	NZ_CAXVJR010000007.1|17307|23009	dereplication_representative
GCF_900002825.1	NZ_CDAA01000001.1	3201789	3208239	9.1833	1	1	1	1	1	0	0	330	(-1, -1, -1, -1, -1)	(4, 3, 2, 1, 0)	GCF_900002825.1.fasta.gz	NZ_CDAA01000001.1|3201789|3208239	dereplication_representative
GCF_000709435.1	NZ_CP008713.1	935676	944256	7.1727	1	1	0	1	0	1	2	35	(-1, -1, -1, -1, -1)	(4, 3, 2, 1, 0)	GCF_000709435.1.fasta.gz	NZ_CP008713.1|935676|944256	dereplication_representative
GCF_001042715.1	NZ_CP009687.1	1790986	1798651	13.2531	1	1	1	1	1	1	1	43	(1, 1, 1, 1, 1, 1, 1)	(6, 5, 4, 3, 2, 1, 0)	GCF_001042715.1.fasta.gz	NZ_CP009687.1|1790986|1798651	dereplication_representative
GCF_000968375.1	NZ_CP009933.1	5274197	5281298	7.1844	1	1	0	1	0	1	1	40	(1, 1, 1, 1, 1)	(5, 4, 3, 2, 1)	GCF_000968375.1.fasta.gz	NZ_CP009933.1|5274197|5281298	dereplication_representative
GCF_003096175.1	NZ_CP020953.1	4661853	4668955	7.185	1	1	0	1	0	1	2	98	(-1, -1, -1, -1, -1)	(5, 4, 3, 2, 1)	GCF_003096175.1.fasta.gz	NZ_CP009933.1|5274197|5281298	redundant
GCF_001038625.1	NZ_CP011803.1	3836069	3843170	7.1856	1	1	0	1	0	1	1	42	(-1, -1, -1, -1, -1)	(4, 3, 2, 1, 0)	GCF_001038625.1.fasta.gz	NZ_CP011803.1|3836069|3843170	dereplication_representative
GCF_001886775.1	NZ_CP013242.1	0	2776765	11.2055	1	1	1	1	1	1	2	66	(1, 1, 1, 1, 1, 1, -1)	(6, 5, 4, 3, 2, 1, 0)	GCF_001886775.1.fasta.gz	NZ_CP013242.1|0|2776765	dereplication_representative
GCF_001889365.1	NZ_CP013296.1	559239	566367	10.1934	1	1	1	1	0	1	2	67	(-1, -1, -1, -1, -1, -1)	(5, 4, 3, 2, 1, 0)	GCF_001889365.1.fasta.gz	NZ_CP013296.1|559239|566367	dereplication_representative
GCF_002074155.1	NZ_CP014176.1	1737287	1744391	7.1858	1	1	0	1	0	1	2	73	(1, 1, 1, 1, 1)	(5, 4, 3, 2, 1)	GCF_002074155.1.fasta.gz	NZ_CP014176.1|1737287|1744391	dereplication_representative
GCF_001697285.1	NZ_CP014673.1	2436850	2440592	4.0902	0	0	0	1	0	1	1	61	(-1, -1, -1)	(5, 4, 3)	GCF_001697285.1.fasta.gz	NZ_CP014673.1|2436850|2440592	dereplication_representative
GCF_002250075.1	NZ_CP016893.1	2576893	2584228	10.2103	1	1	1	1	0	1	1	82	(1, 1, 1, 1, 1, 1)	(6, 5, 4, 3, 2, 1)	GCF_002250075.1.fasta.gz	NZ_CP016893.1|2576893|2584228	dereplication_representative
GCF_001750685.1	NZ_CP017269.1	5667731	5675251	13.2648	1	1	1	1	1	1	1	63	(1, 1, 1, 1, 1, 1, 1)	(7, 6, 5, 4, 3, 2, 1)	GCF_001750685.1.fasta.gz	NZ_CP017269.1|5667731|5675251	dereplication_representative
GCF_001854185.1	NZ_CP017603.1	3131768	3139393	13.2538	1	1	1	1	1	1	1	65	(1, 1, 1, 1, 1, 1, 1)	(6, 5, 4, 3, 2, 1, 0)	GCF_001854185.1.fasta.gz	NZ_CP017603.1|3131768|3139393	dereplication_representative
GCF_019056555.1	NZ_CP020473.1	1396623	1403563	7.1826	1	1	0	1	0	1	1	211	(-1, -1, -1, -1, -1)	(4, 3, 2, 1, 0)	GCF_019056555.1.fasta.gz	NZ_CP020473.1|1396623|1403563	dereplication_representative
GCF_002874775.1	NZ_CP020991.1	2608359	2614848	6.0996	0	0	1	1	0	1	1	91	(1, 1, 1, 1)	(5, 4, 3, 2)	GCF_002874775.1.fasta.gz	NZ_CP020991.1|2608359|2614848	dereplication_representative
GCF_002896855.1	NZ_CP021850.1	1708363	1718559	10.2026	1	1	1	1	0	1	1	92	(1, 1, 1, 1, 1, 1)	(5, 4, 3, 2, 1, 0)	GCF_002896855.1.fasta.gz	NZ_CP021850.1|1708363|1718559	dereplication_representative
GCF_004015185.1	NZ_CP025746.1	2193162	2199965	7.1819	1	1	0	1	0	1	1	115	(1, 1, 1, 1, 1)	(4, 3, 2, 1, 0)	GCF_004015185.1.fasta.gz	NZ_CP025746.1|2193162|2199965	dereplication_representative
GCF_002441855.2	NZ_CP029487.1	3965628	3969857	4.1465	1	1	0	1	0	0	0	87	(1, 1, 1)	(3, 2, 1)	GCF_002441855.2.fasta.gz	NZ_CP029487.1|3965628|3969857	dereplication_representative
GCF_004006395.2	NZ_CP029758.2	3636554	3643493	7.1825	1	1	0	1	0	1	1	114	(-1, -1, -1, -1, -1)	(5, 4, 3, 2, 1)	GCF_004006395.2.fasta.gz	NZ_CP029758.2|3636554|3643493	dereplication_representative
GCF_003254825.1	NZ_CP030018.1	880843	888029	7.1834	1	1	0	1	0	1	1	100	(1, 1, 1, 1, 1)	(4, 3, 2, 1, 0)	GCF_003254825.1.fasta.gz	NZ_CP030018.1|880843|888029	dereplication_representative
GCF_003600355.1	NZ_CP032416.1	963495	970397	7.1817	1	1	0	1	0	1	1	109	(1, 1, 1, 1, 1)	(4, 3, 2, 1, 0)	GCF_003600355.1.fasta.gz	NZ_CP032416.1|963495|970397	dereplication_representative
GCF_008807835.1	NZ_CP032452.1	2758013	2763712	6.1748	1	1	0	1	1	0	0	135	(1, 1, 1, 1)	(3, 2, 1, 0)	GCF_008807835.1.fasta.gz	NZ_CP032452.1|2758013|2763712	dereplication_representative
GCF_003718715.1	NZ_CP033465.1	2012668	2019681	7.183	1	1	0	1	0	1	1	110	(-1, -1, -1, -1, -1)	(5, 4, 3, 2, 1)	GCF_003718715.1.fasta.gz	NZ_CP033465.1|2012668|2019681	dereplication_representative
GCF_003722315.1	NZ_CP033580.1	1708583	1715921	13.227	1	1	1	1	1	1	1	111	(1, 1, 1, 1, 1, 1, 1)	(6, 5, 4, 3, 2, 1, 0)	GCF_003722315.1.fasta.gz	NZ_CP033580.1|1708583|1715921	dereplication_representative
GCF_004103695.1	NZ_CP035280.1	852019	858861	7.1873	1	1	0	1	0	1	1	117	(1, 1, 1, 1, 1)	(4, 3, 2, 1, 0)	GCF_004103695.1.fasta.gz	NZ_CP035280.1|852019|858861	dereplication_representative
GCF_006016075.1	NZ_CP040093.1	616297	623137	10.2167	1	1	1	1	0	1	1	128	(-1, -1, -1, -1, -1, -1)	(5, 4, 3, 2, 1, 0)	GCF_006016075.1.fasta.gz	NZ_CP040093.1|616297|623137	dereplication_representative
GCF_005886215.1	NZ_CP040506.1	4444084	4448800	3.1129	0	1	0	1	0	1	1	127	(1, 1, 1)	(4, 3, 2)	GCF_005886215.1.fasta.gz	NZ_CP040506.1|4444084|4448800	dereplication_representative
GCF_006351925.1	NZ_CP040924.1	1662210	1669073	7.1845	1	1	0	1	0	1	1	129	(1, 1, 1, 1, 1)	(4, 3, 2, 1, 0)	GCF_006351925.1.fasta.gz	NZ_CP040924.1|1662210|1669073	dereplication_representative
GCF_008152325.1	NZ_CP042243.1	1379748	1387241	10.2532	1	1	1	1	0	1	1	133	(1, 1, 1, 1, 1, 1)	(5, 4, 3, 2, 1, 0)	GCF_008152325.1.fasta.gz	NZ_CP042243.1|1379748|1387241	dereplication_representative
GCF_022539405.1	NZ_CP054394.1	1661749	1667083	4.1259	1	1	0	1	0	0	0	229	(-1, -1, -1)	(4, 3, 2)	GCF_022539405.1.fasta.gz	NZ_CP054394.1|1661749|1667083	dereplication_representative
GCF_014467015.1	NZ_CP058559.1	2764530	2783262	10.1928	1	1	0	1	1	1	1	171	(1, 1, 1, -1, 1, 1)	(5, 4, 3, 2, 1, 0)	GCF_014467015.1.fasta.gz	NZ_CP058559.1|2764530|2783262	dereplication_representative
GCF_018141425.1	NZ_CP058561.1	4799267	4806533	3.1173	0	1	0	1	0	1	1	198	(1, 1, 1)	(4, 3, 2)	GCF_018141425.1.fasta.gz	NZ_CP058561.1|4799267|4806533	dereplication_representative
GCF_018141405.1	NZ_CP058648.1	2755755	2765846	10.2385	1	1	1	1	0	1	1	197	(-1, -1, -1, -1, -1, -1)	(5, 4, 3, 2, 1, 0)	GCF_018141405.1.fasta.gz	NZ_CP058648.1|2755755|2765846	dereplication_representative
GCF_018141445.1	NZ_CP058649.1	3813728	3822702	6.1243	0	1	1	1	0	1	1	199	(-1, -1, -1, -1)	(3, 2, 1, 0)	GCF_018141445.1.fasta.gz	NZ_CP058649.1|3813728|3822702	dereplication_representative
GCF_013781885.1	NZ_CP059378.1	3021408	3028355	7.1857	1	1	0	1	0	1	1	153	(-1, -1, -1, -1, -1)	(5, 4, 3, 2, 1)	GCF_013781885.1.fasta.gz	NZ_CP059378.1|3021408|3028355	dereplication_representative
GCF_017357865.1	NZ_CP060096.1	1523722	1530520	10.2086	1	1	1	1	0	1	1	192	(-1, -1, -1, -1, -1, -1)	(5, 4, 3, 2, 1, 0)	GCF_017357865.1.fasta.gz	NZ_CP060096.1|1523722|1530520	dereplication_representative
GCF_014303955.1	NZ_CP060286.1	550053	554812	7.1303	1	1	1	1	0	0	0	165	(-1, -1, -1, -1)	(3, 2, 1, 0)	GCF_014303955.1.fasta.gz	NZ_CP060286.1|550053|554812	dereplication_representative
GCF_014337195.1	NZ_CP060634.1	1424267	1428975	3.1127	0	1	0	1	0	1	1	166	(-1, -1, -1)	(2, 1, 0)	GCF_014337195.1.fasta.gz	NZ_CP060634.1|1424267|1428975	dereplication_representative
GCF_014467055.1	NZ_CP060696.1	1391878	1396903	4.1259	1	1	0	1	0	0	0	172	(-1, -1, -1)	(4, 3, 2)	GCF_014467055.1.fasta.gz	NZ_CP060696.1|1391878|1396903	dereplication_representative
GCF_005473905.2	NZ_CP061336.1	2630867	2639200	10.2009	1	1	1	1	0	1	1	126	(-1, -1, -1, -1, -1, -1)	(5, 4, 3, 2, 1, 0)	GCF_005473905.2.fasta.gz	NZ_CP061336.1|2630867|2639200	dereplication_representative
GCF_016071375.1	NZ_CP063816.1	1307197	1314043	7.1845	1	1	0	1	0	1	1	181	(-1, -1, -1, -1, -1)	(4, 3, 2, 1, 0)	GCF_016071375.1.fasta.gz	NZ_CP063816.1|1307197|1314043	dereplication_representative
GCF_017100085.1	NZ_CP063965.1	1604868	1611719	7.1848	1	1	0	1	0	1	1	190	(-1, -1, -1, -1, -1)	(4, 3, 2, 1, 0)	GCF_017100085.1.fasta.gz	NZ_CP063965.1|1604868|1611719	dereplication_representative
GCF_016906045.1	NZ_CP070235.1	2933122	2937987	3.1107	0	1	0	1	0	1	1	187	(-1, -1, -1)	(3, 2, 1)	GCF_016906045.1.fasta.gz	NZ_CP070235.1|2933122|2937987	dereplication_representative
GCF_020911725.1	NZ_CP076620.1	1533043	1539918	5.1657	1	1	0	1	0	1	1	221	(1, 1, 1, 1)	(3, 2, 1, 0)	GCF_020911725.1.fasta.gz	NZ_CP076620.1|1533043|1539918	dereplication_representative
GCF_030585505.1	NZ_CP077610.1	2266099	2272996	7.1825	1	1	0	1	0	1	2	270	(-1, -1, -1, -1, -1)	(4, 3, 2, 1, 0)	GCF_030585505.1.fasta.gz	NZ_CP077610.1|2266099|2272996	dereplication_representative
GCF_030585465.1	NZ_CP077615.1	3153518	3160416	7.1823	1	1	0	1	0	1	2	269	(-1, -1, -1, -1, -1)	(4, 3, 2, 1, 0)	GCF_030585465.1.fasta.gz	NZ_CP077615.1|3153518|3160416	dereplication_representative
GCF_019203185.1	NZ_CP078093.1	2373194	2380631	13.2639	1	1	1	1	1	1	1	213	(1, 1, 1, 1, 1, 1, 1)	(6, 5, 4, 3, 2, 1, 0)	GCF_019203185.1.fasta.gz	NZ_CP078093.1|2373194|2380631	dereplication_representative
GCF_020736365.1	NZ_CP085988.1	3385708	3390627	3.1107	0	1	0	1	0	1	1	219	(-1, -1, -1)	(3, 2, 1)	GCF_020736365.1.fasta.gz	NZ_CP085988.1|3385708|3390627	dereplication_representative
GCF_026650925.1	NZ_CP086147.1	3237008	3243906	7.1825	1	1	0	1	0	1	2	247	(1, 1, 1, 1, 1)	(6, 5, 4, 3, 2)	GCF_026650925.1.fasta.gz	NZ_CP086147.1|3237008|3243906	dereplication_representative
GCF_026650965.1	NZ_CP086237.1	4457509	4464406	7.1825	1	1	0	1	0	1	2	248	(1, 1, 1, 1, 1)	(7, 6, 5, 4, 3)	GCF_026650965.1.fasta.gz	NZ_CP086237.1|4457509|4464406	dereplication_representative
GCF_026651005.1	NZ_CP086243.1	3602755	3609653	7.1828	1	1	0	1	0	1	2	249	(-1, -1, -1, -1, -1)	(4, 3, 2, 1, 0)	GCF_026651005.1.fasta.gz	NZ_CP086243.1|3602755|3609653	dereplication_representative
GCF_002006235.2	NZ_CP096988.1	220311	227472	7.1842	1	1	0	1	0	1	1	70	(1, 1, 1, 1, 1)	(4, 3, 2, 1, 0)	GCF_002006235.2.fasta.gz	NZ_CP096988.1|220311|227472	dereplication_representative
GCF_000364165.2	NZ_CP097810.1	1403399	1406973	4.0958	0	0	0	1	0	1	1	21	(1, 1, 1)	(2, 1, 0)	GCF_000364165.2.fasta.gz	NZ_CP097810.1|1403399|1406973	dereplication_representative
GCF_031202285.1	NZ_CP101637.1	2474865	2480566	9.1857	1	1	1	1	1	0	0	276	(-1, -1, -1, -1, -1)	(4, 3, 2, 1, 0)	GCF_031202285.1.fasta.gz	NZ_CP101637.1|2474865|2480566	dereplication_representative
GCF_025146005.1	NZ_CP102254.1	995137	1003100	6.1173	0	1	1	1	0	1	1	240	(1, 1, 1, 1)	(3, 2, 1, 0)	GCF_025146005.1.fasta.gz	NZ_CP102254.1|995137|1003100	dereplication_representative
GCF_026410065.1	NZ_CP112872.1	2472980	2480000	7.1848	1	1	0	1	0	1	2	246	(-1, -1, -1, -1, -1)	(4, 3, 2, 1, 0)	GCF_026410065.1.fasta.gz	NZ_CP112872.1|2472980|2480000	dereplication_representative
GCF_049200475.1	NZ_CP113903.1	3009705	3014189	7.1448	1	1	1	1	0	0	0	329	(-1, -1, -1, -1)	(5, 4, 3, 2)	GCF_049200475.1.fasta.gz	NZ_CP113903.1|3009705|3014189	dereplication_representative
GCF_036812735.1	NZ_CP117523.1	3666488	3672189	9.1861	1	1	1	1	1	0	0	285	(-1, -1, -1, -1, -1)	(4, 3, 2, 1, 0)	GCF_036812735.1.fasta.gz	NZ_CP117523.1|3666488|3672189	dereplication_representative
GCF_029318685.1	NZ_CP119677.1	1795575	1803326	10.2017	1	1	1	1	0	1	1	258	(1, 1, 1, 1, 1, 1)	(5, 4, 3, 2, 1, 0)	GCF_029318685.1.fasta.gz	NZ_CP119677.1|1795575|1803326	dereplication_representative
GCF_029542625.1	NZ_CP120733.1	2709788	2717652	13.2524	1	1	1	1	1	1	1	259	(-1, -1, -1, -1, -1, -1, -1)	(6, 5, 4, 3, 2, 1, 0)	GCF_029542625.1.fasta.gz	NZ_CP120733.1|2709788|2717652	dereplication_representative
GCF_039789045.1	NZ_CP121164.1	891590	899555	6.1158	0	1	1	1	0	1	1	298	(1, 1, 1, 1)	(3, 2, 1, 0)	GCF_039789045.1.fasta.gz	NZ_CP121164.1|891590|899555	dereplication_representative
GCF_035905475.1	NZ_CP121166.1	1916553	1923637	7.1847	1	1	0	1	0	1	1	282	(-1, -1, -1, -1, -1)	(5, 4, 3, 2, 1)	GCF_035905475.1.fasta.gz	NZ_CP121166.1|1916553|1923637	dereplication_representative
GCF_038396635.1	NZ_CP121687.1	1183830	1193135	7.189	1	1	0	1	0	1	1	290	(-1, -1, -1, -1, -1)	(4, 3, 2, 1, 0)	GCF_038396635.1.fasta.gz	NZ_CP121687.1|1183830|1193135	dereplication_representative
GCF_037057455.1	NZ_CP124295.1	3110819	3116521	6.1753	1	1	0	1	1	0	0	287	(-1, -1, -1, -1)	(3, 2, 1, 0)	GCF_037057455.1.fasta.gz	NZ_CP124295.1|3110819|3116521	dereplication_representative
GCF_030013905.1	NZ_CP124862.1	5358735	5364164	7.1411	1	1	1	1	0	0	0	261	(1, 1, 1, 1)	(3, 2, 1, 0)	GCF_030013905.1.fasta.gz	NZ_CP124862.1|5358735|5364164	dereplication_representative
GCF_040267475.1	NZ_CP125628.1	4170539	4175303	3.1116	0	1	0	1	0	1	1	303	(-1, -1, -1)	(4, 3, 2)	GCF_040267475.1.fasta.gz	NZ_CP125628.1|4170539|4175303	dereplication_representative
GCF_030166575.1	NZ_CP126462.1	1779989	1787472	13.2702	1	1	1	1	1	1	1	264	(1, 1, 1, 1, 1, 1, 1)	(6, 5, 4, 3, 2, 1, 0)	GCF_030166575.1.fasta.gz	NZ_CP126462.1|1779989|1787472	dereplication_representative
GCF_030263895.1	NZ_CP127161.1	2343315	2350915	13.2467	1	1	1	1	1	1	1	265	(1, 1, 1, 1, 1, 1, 1)	(6, 5, 4, 3, 2, 1, 0)	GCF_030263895.1.fasta.gz	NZ_CP127161.1|2343315|2350915	dereplication_representative
GCF_030644385.1	NZ_CP130060.1	1443505	1448395	3.1075	0	1	0	1	0	1	1	271	(-1, -1, -1)	(2, 1, 0)	GCF_030644385.1.fasta.gz	NZ_CP130060.1|1443505|1448395	dereplication_representative
GCF_033561535.1	NZ_CP131467.1	5560723	5567835	7.1847	1	1	0	1	0	1	1	280	(-1, -1, -1, -1, -1)	(5, 4, 3, 2, 1)	GCF_033561535.1.fasta.gz	NZ_CP131467.1|5560723|5567835	dereplication_representative
GCF_046529625.1	NZ_CP132338.1	911060	915054	4.0977	0	0	0	1	0	1	1	323	(1, 1, 1)	(4, 3, 2)	GCF_046529625.1.fasta.gz	NZ_CP132338.1|911060|915054	dereplication_representative
GCF_030913655.1	NZ_CP133189.1	707967	712719	4.1338	1	1	0	1	0	0	0	275	(1, 1, 1)	(2, 1, 0)	GCF_030913655.1.fasta.gz	NZ_CP133189.1|707967|712719	dereplication_representative
GCF_036670035.1	NZ_CP137758.1	2057651	2064512	7.1821	1	1	0	1	0	1	1	283	(-1, -1, -1, -1, -1)	(4, 3, 2, 1, 0)	GCF_036670035.1.fasta.gz	NZ_CP137758.1|2057651|2064512	dereplication_representative
GCF_040267685.1	NZ_CP158367.1	851768	863553	13.1978	1	1	1	1	1	1	1	304	(1, 1, 1, 1, -1, 1, 1)	(6, 5, 4, 3, 2, 1, 0)	GCF_040267685.1.fasta.gz	NZ_CP158367.1|851768|863553	dereplication_representative
GCF_040515995.1	NZ_CP159485.1	2060242	2072285	13.1998	1	1	1	1	1	1	1	305	(-1, -1, 1, -1, -1, -1, -1)	(6, 5, 4, 3, 2, 1, 0)	GCF_040515995.1.fasta.gz	NZ_CP159485.1|2060242|2072285	dereplication_representative
GCF_023653455.2	NZ_CP161000.1	2804034	2809730	6.1736	1	1	0	1	1	0	0	232	(-1, -1, -1, -1)	(3, 2, 1, 0)	GCF_023653455.2.fasta.gz	NZ_CP161000.1|2804034|2809730	dereplication_representative
GCF_004803955.2	NZ_CP163137.1	2233373	2237871	4.0938	0	0	0	1	0	1	1	125	(-1, -1, -1)	(2, 1, 0)	GCF_004803955.2.fasta.gz	NZ_CP163137.1|2233373|2237871	dereplication_representative
GCF_045038935.1	NZ_CP171113.1	889551	896584	7.1784	1	1	0	1	0	1	1	317	(1, 1, 1, 1, 1)	(5, 4, 3, 2, 1)	GCF_045038935.1.fasta.gz	NZ_CP171113.1|889551|896584	dereplication_representative
GCF_044502415.1	NZ_CP172402.1	1941132	1947968	5.156	1	1	0	1	0	0	1	316	(-1, -1, -1, -1)	(3, 2, 1, 0)	GCF_044502415.1.fasta.gz	NZ_CP172402.1|1941132|1947968	dereplication_representative
GCF_047456265.2	NZ_CP173187.2	2740150	2744353	7.1437	1	1	1	1	0	0	0	326	(-1, -1, -1, -1)	(5, 4, 3, 2)	GCF_047456265.2.fasta.gz	NZ_CP173187.2|2740150|2744353	dereplication_representative
GCF_046523925.1	NZ_CP174369.1	1554883	1559817	4.1225	1	1	0	1	0	0	0	322	(1, 1, 1)	(4, 3, 2)	GCF_046523925.1.fasta.gz	NZ_CP174369.1|1554883|1559817	dereplication_representative
GCF_041861885.3	NZ_CP175761.1	1358981	1365749	10.1911	1	1	1	1	0	1	1	308	(1, 1, 1, 1, 1, 1)	(5, 4, 3, 2, 1, 0)	GCF_041861885.3.fasta.gz	NZ_CP175761.1|1358981|1365749	dereplication_representative
GCF_046603775.1	NZ_CP176625.1	3466585	3470808	4.1449	1	1	0	1	0	0	0	324	(-1, -1, -1)	(5, 4, 3)	GCF_046603775.1.fasta.gz	NZ_CP176625.1|3466585|3470808	dereplication_representative
GCF_048568315.1	NZ_CP183811.1	277728	283428	9.1863	1	1	1	1	1	0	0	327	(1, 1, 1, 1, 1)	(4, 3, 2, 1, 0)	GCF_048568315.1.fasta.gz	NZ_CP183811.1|277728|283428	dereplication_representative
GCF_001299475.1	NZ_CYUJ01000002.1	774042	778018	7.1508	1	1	1	1	0	0	0	49	(1, 1, 1, 1)	(4, 3, 2, 1)	GCF_001299475.1.fasta.gz	NZ_CYUJ01000002.1|774042|778018	dereplication_representative
GCF_900078395.1	NZ_FKLA01000009.1	1860069	1864784	7.1313	1	1	1	1	0	0	0	331	(1, 1, 1, 1)	(5, 4, 3, 2)	GCF_900078395.1.fasta.gz	NZ_FKLA01000009.1|1860069|1864784	dereplication_representative
GCF_900095445.1	NZ_FMJL01000002.1	121864	128823	7.1883	1	1	0	1	0	1	1	332	(1, 1, 1, 1, 1)	(4, 3, 2, 1, 0)	GCF_900095445.1.fasta.gz	NZ_FMJL01000002.1|121864|128823	dereplication_representative
GCF_900095725.1	NZ_FMMP01000006.1	335959	339737	4.093	0	0	0	1	0	1	1	333	(1, 1, 1)	(2, 1, 0)	GCF_900095725.1.fasta.gz	NZ_FMMP01000006.1|335959|339737	dereplication_representative
GCF_900100845.1	NZ_FNFP01000002.1	447264	454799	13.2533	1	1	1	1	1	1	1	334	(-1, -1, -1, -1, -1, -1, -1)	(6, 5, 4, 3, 2, 1, 0)	GCF_900100845.1.fasta.gz	NZ_FNFP01000002.1|447264|454799	dereplication_representative
GCF_900103835.1	NZ_FNID01000019.1	22066	26967	7.1312	1	1	1	1	0	0	0	335	(-1, -1, -1, -1)	(3, 2, 1, 0)	GCF_900103835.1.fasta.gz	NZ_FNID01000019.1|22066|26967	dereplication_representative
GCF_900107485.1	NZ_FNQE01000022.1	24381	31911	13.2457	1	1	1	1	1	1	1	338	(1, 1, 1, 1, 1, 1, 1)	(6, 5, 4, 3, 2, 1, 0)	GCF_900107485.1.fasta.gz	NZ_FNQE01000022.1|24381|31911	dereplication_representative
GCF_900108045.1	NZ_FNUK01000016.1	38597	45023	7.2159	1	1	0	1	0	1	1	339	(-1, -1, -1, -1, -1)	(4, 3, 2, 1, 0)	GCF_900108045.1.fasta.gz	NZ_FNUK01000016.1|38597|45023	dereplication_representative
GCF_900110045.1	NZ_FOCG01000001.1	784839	790374	7.1296	1	1	1	1	0	0	0	340	(-1, -1, -1, -1)	(4, 3, 2, 1)	GCF_900110045.1.fasta.gz	NZ_FOCG01000001.1|784839|790374	dereplication_representative
GCF_900111595.1	NZ_FOHN01000015.1	52930	61692	3.1135	0	1	0	1	0	1	1	341	(1, 1, 1)	(3, 2, 1)	GCF_900111595.1.fasta.gz	NZ_FOHN01000015.1|52930|61692	dereplication_representative
GCF_900111615.1	NZ_FOHU01000001.1	430838	438363	13.245	1	1	1	1	1	1	1	342	(-1, -1, -1, -1, -1, -1, -1)	(6, 5, 4, 3, 2, 1, 0)	GCF_900111615.1.fasta.gz	NZ_FOHU01000001.1|430838|438363	dereplication_representative
GCF_900111985.1	NZ_FOKI01000002.1	141120	148284	10.1916	1	1	1	1	0	1	1	343	(1, 1, 1, 1, 1, 1)	(5, 4, 3, 2, 1, 0)	GCF_900111985.1.fasta.gz	NZ_FOKI01000002.1|141120|148284	dereplication_representative
GCF_900113635.1	NZ_FOQA01000001.1	58995	65961	10.2145	1	1	0	1	1	1	1	345	(1, 1, 1, 1, 1, 1)	(5, 4, 3, 2, 1, 0)	GCF_900113635.1.fasta.gz	NZ_FOQA01000001.1|58995|65961	dereplication_representative
GCF_900112775.1	NZ_FOYZ01000003.1	254875	261928	3.1127	0	1	0	1	0	1	1	344	(-1, -1, -1)	(2, 1, 0)	GCF_900112775.1.fasta.gz	NZ_FOYZ01000003.1|254875|261928	dereplication_representative
GCF_900128885.1	NZ_FQTU01000001.1	17797	24171	7.2067	1	1	0	1	0	1	2	346	(1, 1, 1, 1, 1)	(4, 3, 2, 1, 0)	GCF_900128885.1.fasta.gz	NZ_FQTU01000001.1|17797|24171	dereplication_representative
GCF_900129075.1	NZ_FQVH01000002.1	52368	59136	7.2026	1	1	0	1	0	1	1	347	(1, 1, 1, 1, 1)	(4, 3, 2, 1, 0)	GCF_900129075.1.fasta.gz	NZ_FQVH01000002.1|52368|59136	dereplication_representative
GCF_900129965.1	NZ_FQXM01000004.1	228633	235367	7.1831	1	1	0	1	0	1	1	348	(-1, -1, -1, -1, -1)	(4, 3, 2, 1, 0)	GCF_900129965.1.fasta.gz	NZ_FQXM01000004.1|228633|235367	dereplication_representative
GCF_900130005.1	NZ_FQXP01000013.1	42090	49599	10.1884	1	1	1	1	0	1	1	349	(-1, -1, -1, -1, -1, -1)	(5, 4, 3, 2, 1, 0)	GCF_900130005.1.fasta.gz	NZ_FQXP01000013.1|42090|49599	dereplication_representative
GCF_900141845.1	NZ_FQZB01000003.1	39026	45792	7.1847	1	1	0	1	0	1	1	350	(-1, -1, -1, -1, -1)	(4, 3, 2, 1, 0)	GCF_900141845.1.fasta.gz	NZ_FQZB01000003.1|39026|45792	dereplication_representative
GCF_900142075.1	NZ_FQZO01000001.1	696580	703347	7.1871	1	1	0	1	0	1	1	351	(1, 1, 1, 1, 1)	(4, 3, 2, 1, 0)	GCF_900142075.1.fasta.gz	NZ_FQZO01000001.1|696580|703347	dereplication_representative
GCF_900142145.1	NZ_FQZV01000003.1	26073	33619	13.2619	1	1	1	1	1	1	1	352	(1, 1, 1, 1, 1, 1, 1)	(6, 5, 4, 3, 2, 1, 0)	GCF_900142145.1.fasta.gz	NZ_FQZV01000003.1|26073|33619	dereplication_representative
GCF_900142225.1	NZ_FRAD01000012.1	56834	63848	5.1596	1	1	0	1	0	1	1	353	(-1, -1, -1, -1)	(3, 2, 1, 0)	GCF_900142225.1.fasta.gz	NZ_FRAD01000012.1|56834|63848	dereplication_representative
GCF_900142245.1	NZ_FRAG01000001.1	202026	206243	7.1507	0	0	0	1	1	1	1	354	(-1, -1, -1, -1)	(3, 2, 1, 0)	GCF_900142245.1.fasta.gz	NZ_FRAG01000001.1|202026|206243	dereplication_representative
GCF_900142275.1	NZ_FRAI01000005.1	531713	544077	8.1602	0	1	0	1	1	1	1	355	(-1, -1, 1, -1, -1)	(4, 3, 2, 1, 0)	GCF_900142275.1.fasta.gz	NZ_FRAI01000005.1|531713|544077	dereplication_representative
GCF_900142955.1	NZ_FRCP01000014.1	143099	157240	3.1122	0	1	0	1	0	1	1	356	(1, 1, 1)	(2, 1, 0)	GCF_900142955.1.fasta.gz	NZ_FRCP01000014.1|143099|157240	dereplication_representative
GCF_900167305.1	NZ_FUWV01000001.1	267187	274389	10.2212	1	1	1	1	0	1	2	358	(-1, -1, -1, -1, -1, -1)	(5, 4, 3, 2, 1, 0)	GCF_900167305.1.fasta.gz	NZ_FUWV01000001.1|267187|274389	dereplication_representative
GCF_900167505.1	NZ_FUYD01000002.1	164118	171057	7.1875	1	1	0	1	0	1	2	360	(1, 1, 1, 1, 1)	(4, 3, 2, 1, 0)	GCF_900167505.1.fasta.gz	NZ_FUYD01000002.1|164118|171057	dereplication_representative
GCF_900167605.1	NZ_FUYH01000004.1	4723	12268	7.2124	1	1	0	1	0	1	1	361	(1, 1, 1, 1, 1)	(4, 3, 2, 1, 0)	GCF_900167605.1.fasta.gz	NZ_FUYH01000004.1|4723|12268	dereplication_representative
GCF_900167445.1	NZ_FUZT01000005.1	261102	268639	10.2536	1	1	1	1	0	1	1	359	(-1, -1, -1, -1, -1, -1)	(5, 4, 3, 2, 1, 0)	GCF_900167445.1.fasta.gz	NZ_FUZT01000005.1|261102|268639	dereplication_representative
GCF_900176305.1	NZ_FWXH01000003.1	161023	167882	7.1833	1	1	0	1	0	1	1	363	(1, 1, 1, 1, 1)	(4, 3, 2, 1, 0)	GCF_900176305.1.fasta.gz	NZ_FWXH01000003.1|161023|167882	dereplication_representative
GCF_900176335.1	NZ_FWXW01000010.1	6029	10995	7.1286	1	1	1	1	0	0	0	364	(-1, -1, -1, -1)	(3, 2, 1, 0)	GCF_900176335.1.fasta.gz	NZ_FWXW01000010.1|6029|10995	dereplication_representative
GCF_900182905.1	NZ_FXUF01000003.1	335385	342395	13.2201	1	1	1	1	1	1	1	365	(-1, -1, -1, -1, -1, -1, -1)	(6, 5, 4, 3, 2, 1, 0)	GCF_900182905.1.fasta.gz	NZ_FXUF01000003.1|335385|342395	dereplication_representative
GCF_900185645.1	NZ_FYAM01000024.1	178274	185601	7.1861	1	1	0	1	0	1	1	366	(-1, -1, -1, -1, -1)	(4, 3, 2, 1, 0)	GCF_900185645.1.fasta.gz	NZ_FYAM01000024.1|178274|185601	dereplication_representative
GCF_900186535.1	NZ_FYDE01000005.1	1921899	1926615	7.1301	1	1	1	1	0	0	0	367	(-1, -1, -1, -1)	(5, 4, 3, 2)	GCF_900186535.1.fasta.gz	NZ_FYDE01000005.1|1921899|1926615	dereplication_representative
GCF_900188145.1	NZ_FZOJ01000008.1	59837	67445	13.2547	1	1	1	1	1	1	1	368	(-1, -1, -1, -1, -1, -1, -1)	(6, 5, 4, 3, 2, 1, 0)	GCF_900188145.1.fasta.gz	NZ_FZOJ01000008.1|59837|67445	dereplication_representative
GCF_000185385.1	NZ_GL622296.1	2300111	2305124	3.1099	0	1	0	1	0	1	1	11	(-1, -1, -1)	(3, 2, 1)	GCF_000185385.1.fasta.gz	NZ_GL622296.1|2300111|2305124	dereplication_representative
GCF_000430995.1	NZ_HF952018.1	1188858	1196543	10.2306	1	1	0	1	1	1	1	25	(-1, -1, -1, -1, -1, -1)	(5, 4, 3, 2, 1, 0)	GCF_000430995.1.fasta.gz	NZ_HF952018.1|1188858|1196543	dereplication_representative
GCF_000577895.1	NZ_HG917868.1	2207496	2214792	7.178	1	1	0	1	0	1	1	27	(-1, -1, -1, -1, -1)	(4, 3, 2, 1, 0)	GCF_000577895.1.fasta.gz	NZ_HG917868.1|2207496|2214792	dereplication_representative
GCF_009928445.1	NZ_JAABNO010000002.1	329523	336327	7.1818	1	1	0	1	0	1	1	143	(1, 1, 1, 1, 1)	(4, 3, 2, 1, 0)	GCF_009928445.1.fasta.gz	NZ_JAABNO010000002.1|329523|336327	dereplication_representative
GCF_010179735.1	NZ_JAAEEH010000017.1	18011	24380	6.1183	0	1	1	1	0	1	1	145	(1, 1, 1, 1)	(3, 2, 1, 0)	GCF_010179735.1.fasta.gz	NZ_JAAEEH010000017.1|18011|24380	dereplication_representative
GCF_010692705.1	NZ_JAAGPU010000003.1	70115	77211	7.1857	1	1	0	1	0	1	2	146	(-1, -1, -1, -1, -1)	(4, 3, 2, 1, 0)	GCF_010692705.1.fasta.gz	NZ_JAAGPU010000003.1|70115|77211	dereplication_representative
GCF_011065905.2	NZ_JAAMNG020000001.1	2111782	2118661	7.183	1	1	0	1	0	1	1	147	(-1, -1, -1, -1, -1)	(5, 4, 3, 2, 1)	GCF_011065905.2.fasta.gz	NZ_JAAMNG020000001.1|2111782|2118661	dereplication_representative
GCF_011065935.2	NZ_JAAMNH020000001.1	3037592	3044519	7.1842	1	1	0	1	0	1	1	148	(-1, -1, -1, -1, -1)	(4, 3, 2, 1, 0)	GCF_011065935.2.fasta.gz	NZ_JAAMNH020000001.1|3037592|3044519	dereplication_representative
GCF_011065955.2	NZ_JAAMNI020000001.1	3186022	3192951	7.1834	1	1	0	1	0	1	1	149	(-1, -1, -1, -1, -1)	(4, 3, 2, 1, 0)	GCF_011065955.2.fasta.gz	NZ_JAAMNI020000001.1|3186022|3192951	dereplication_representative
GCF_013036995.1	NZ_JAAOXG010000088.1	32183	36953	3.1099	0	1	0	1	0	1	1	151	(1, 1, 1)	(2, 1, 0)	GCF_013036995.1.fasta.gz	NZ_JAAOXG010000088.1|32183|36953	dereplication_representative
GCF_012926525.1	NZ_JABBNI010000001.1	112638	119768	7.1831	1	1	0	1	0	1	1	150	(1, 1, 1, 1, 1)	(4, 3, 2, 1, 0)	GCF_012926525.1.fasta.gz	NZ_JABBNI010000001.1|112638|119768	dereplication_representative
GCF_013294265.1	NZ_JABSWD010000001.1	3060864	3067972	7.1845	1	1	0	1	0	1	1	152	(-1, -1, -1, -1, -1)	(6, 5, 4, 3, 2)	GCF_013294265.1.fasta.gz	NZ_JABSWD010000001.1|3060864|3067972	dereplication_representative
GCF_014050525.1	NZ_JACGAG010000005.1	52396	59273	7.1804	1	1	0	1	0	1	1	154	(1, 1, 1, 1, 1)	(4, 3, 2, 1, 0)	GCF_014050525.1.fasta.gz	NZ_JACGAG010000005.1|52396|59273	dereplication_representative
GCF_014205875.1	NZ_JACHEN010000004.1	71403	78943	13.2675	1	1	1	1	1	1	1	157	(-1, -1, -1, -1, -1, -1, -1)	(6, 5, 4, 3, 2, 1, 0)	GCF_014205875.1.fasta.gz	NZ_JACHEN010000004.1|71403|78943	dereplication_representative
GCF_014202115.1	NZ_JACHFW010000009.1	128874	135783	3.1142	0	1	0	1	0	1	1	156	(-1, -1, -1)	(3, 2, 1)	GCF_014202115.1.fasta.gz	NZ_JACHFW010000009.1|128874|135783	dereplication_representative
GCF_014281125.1	NZ_JACOEA010000001.1	380998	387212	4.124	1	1	0	1	0	0	0	159	(1, 1, 1)	(3, 2, 1)	GCF_014281125.1.fasta.gz	NZ_JACOEA010000001.1|380998|387212	dereplication_representative
GCF_014287895.1	NZ_JACOPP010000002.1	150540	156233	4.1224	1	1	0	1	0	0	0	164	(-1, -1, -1)	(2, 1, 0)	GCF_014287895.1.fasta.gz	NZ_JACOPP010000002.1|150540|156233	dereplication_representative
GCF_014287675.1	NZ_JACOPQ010000002.1	43199	54227	4.1255	1	1	0	1	0	0	0	163	(-1, -1, -1)	(2, 1, 0)	GCF_014287675.1.fasta.gz	NZ_JACOPQ010000002.1|43199|54227	dereplication_representative
GCF_014384895.1	NZ_JACRSQ010000005.1	10858	14781	4.1005	0	0	0	1	0	1	1	167	(1, 1, 1)	(2, 1, 0)	GCF_014384895.1.fasta.gz	NZ_JACRSQ010000005.1|10858|14781	dereplication_representative
GCF_014384995.1	NZ_JACRSY010000008.1	52363	56011	4.0973	0	0	0	1	0	1	1	168	(-1, -1, -1)	(2, 1, 0)	GCF_014384995.1.fasta.gz	NZ_JACRSY010000008.1|52363|56011	dereplication_representative
GCF_014385085.1	NZ_JACRTD010000001.1	381595	386304	7.1362	1	1	1	1	0	0	0	169	(-1, -1, -1, -1)	(3, 2, 1, 0)	GCF_014385085.1.fasta.gz	NZ_JACRTD010000001.1|381595|386304	dereplication_representative
GCF_014385265.1	NZ_JACRTJ010000005.1	128370	133176	3.1129	0	1	0	1	0	1	1	170	(-1, -1, -1)	(2, 1, 0)	GCF_014385265.1.fasta.gz	NZ_JACRTJ010000005.1|128370|133176	dereplication_representative
GCF_016901815.1	NZ_JACSNR010000007.1	10408	15196	7.1301	1	1	1	1	0	0	0	186	(-1, -1, -1, -1)	(3, 2, 1, 0)	GCF_016901815.1.fasta.gz	NZ_JACSNR010000007.1|10408|15196	dereplication_representative
GCF_032335695.1	NZ_JACTOJ010000010.1	177457	184398	7.1813	1	1	0	1	0	1	1	278	(1, 1, 1, 1, 1)	(4, 3, 2, 1, 0)	GCF_032335695.1.fasta.gz	NZ_JACTOJ010000010.1|177457|184398	dereplication_representative
GCF_014982785.1	NZ_JADCKB010000015.1	13367	19215	6.1016	0	0	1	1	0	1	1	173	(-1, -1, -1, -1)	(3, 2, 1, 0)	GCF_014982785.1.fasta.gz	NZ_JADCKB010000015.1|13367|19215	dereplication_representative
GCF_015352425.1	NZ_JADKNH010000006.1	234915	238987	7.1874	0	0	0	1	1	1	1	175	(-1, -1, -1, -1)	(3, 2, 1, 0)	GCF_015352425.1.fasta.gz	NZ_JADKNH010000006.1|234915|238987	dereplication_representative
GCF_015351765.1	NZ_JADKQA010000001.1	73899	79039	3.1106	0	1	0	1	0	1	1	174	(1, 1, 1)	(2, 1, 0)	GCF_015351765.1.fasta.gz	NZ_JADKQA010000001.1|73899|79039	dereplication_representative
GCF_017811815.1	NZ_JADKZI010000002.1	453444	463563	4.1235	1	1	0	1	0	0	0	193	(-1, -1, -1)	(2, 1, 0)	GCF_017811815.1.fasta.gz	NZ_JADKZI010000002.1|453444|463563	dereplication_representative
GCF_015550495.1	NZ_JADNAX010000004.1	43127	48999	6.1762	1	1	0	1	1	0	0	176	(-1, -1, -1, -1)	(3, 2, 1, 0)	GCF_015550495.1.fasta.gz	NZ_JADNAX010000004.1|43127|48999	dereplication_representative
GCF_015554605.1	NZ_JADNIV010000001.1	299119	304021	4.1258	1	1	0	1	0	0	0	177	(-1, -1, -1)	(2, 1, 0)	GCF_015554605.1.fasta.gz	NZ_JADNIV010000001.1|299119|304021	dereplication_representative
GCF_015554745.1	NZ_JADNJD010000003.1	38448	42292	5.0902	0	1	1	1	0	0	0	178	(1, 1, 1)	(2, 1, 0)	GCF_015554745.1.fasta.gz	NZ_JADNJD010000003.1|38448|42292	dereplication_representative
GCF_015557495.1	NZ_JADNOJ010000005.1	105646	118296	5.153	0	1	0	1	0	1	1	179	(-1, -1, -1, -1)	(3, 2, 1, 0)	GCF_015557495.1.fasta.gz	NZ_JADNOJ010000005.1|105646|118296	dereplication_representative
GCF_015594845.1	NZ_JADNRK010000002.1	194572	200903	7.2024	1	1	0	1	0	1	1	180	(-1, -1, -1, -1, -1)	(4, 3, 2, 1, 0)	GCF_015594845.1.fasta.gz	NZ_JADNRK010000002.1|194572|200903	dereplication_representative
GCF_021531375.1	NZ_JADYTU010000007.1	64822	69927	7.1328	1	1	1	1	0	0	0	225	(-1, -1, -1, -1)	(3, 2, 1, 0)	GCF_021531375.1.fasta.gz	NZ_JADYTU010000007.1|64822|69927	dereplication_representative
GCF_021531815.1	NZ_JADYUM010000003.1	55198	60282	7.1327	1	1	1	1	0	0	0	226	(1, 1, 1, 1)	(3, 2, 1, 0)	GCF_021531815.1.fasta.gz	NZ_JADYUM010000003.1|55198|60282	dereplication_representative
GCF_021432385.1	NZ_JAEACT010000002.1	1175302	1182777	7.185	1	1	0	1	0	1	1	224	(1, 1, 1, 1, 1)	(5, 4, 3, 2, 1)	GCF_021432385.1.fasta.gz	NZ_JAEACT010000002.1|1175302|1182777	dereplication_representative
GCF_016595795.1	NZ_JAENHN010000006.1	91271	98052	7.1818	1	1	0	1	0	1	2	183	(-1, -1, -1, -1, -1)	(4, 3, 2, 1, 0)	GCF_016595795.1.fasta.gz	NZ_JAENHN010000006.1|91271|98052	dereplication_representative
GCF_016765615.1	NZ_JAESWA010000017.1	358691	365547	7.1838	1	1	0	1	0	1	2	185	(-1, -1, -1, -1, -1)	(4, 3, 2, 1, 0)	GCF_016765615.1.fasta.gz	NZ_JAESWA010000017.1|358691|365547	dereplication_representative
GCF_016765585.1	NZ_JAESWC010000002.1	394124	401012	7.1896	1	1	0	1	0	1	1	184	(-1, -1, -1, -1, -1)	(4, 3, 2, 1, 0)	GCF_016765585.1.fasta.gz	NZ_JAESWC010000002.1|394124|401012	dereplication_representative
GCF_028895185.1	NZ_JAEUWW010000001.1	897468	904313	10.2093	1	1	1	1	0	1	1	257	(-1, -1, -1, -1, -1, -1)	(5, 4, 3, 2, 1, 0)	GCF_028895185.1.fasta.gz	NZ_JAEUWW010000001.1|897468|904313	dereplication_representative
GCF_016908015.1	NZ_JAFBDB010000002.1	599420	607004	7.1883	1	1	0	1	0	1	1	188	(1, 1, 1, 1, 1)	(4, 3, 2, 1, 0)	GCF_016908015.1.fasta.gz	NZ_JAFBDB010000002.1|599420|607004	dereplication_representative
GCF_016908355.1	NZ_JAFBDT010000006.1	77752	84673	13.3044	1	1	1	1	1	1	1	189	(-1, -1, -1, -1, -1, -1, -1)	(6, 5, 4, 3, 2, 1, 0)	GCF_016908355.1.fasta.gz	NZ_JAFBDT010000006.1|77752|84673	dereplication_representative
GCF_000526495.1	NZ_JAGE01000001.1	3481938	3489673	10.2032	1	1	1	1	0	1	1	26	(1, 1, 1, 1, 1, 1)	(6, 5, 4, 3, 2, 1)	GCF_000526495.1.fasta.gz	NZ_JAGE01000001.1|3481938|3489673	dereplication_representative
GCF_017874425.1	NZ_JAGGLL010000001.1	249802	256912	7.1878	1	1	0	1	0	1	1	195	(-1, -1, -1, -1, -1)	(4, 3, 2, 1, 0)	GCF_017874425.1.fasta.gz	NZ_JAGGLL010000001.1|249802|256912	dereplication_representative
GCF_017874415.1	NZ_JAGGLM010000005.1	67276	74140	7.1827	1	1	0	1	0	1	1	194	(1, 1, 1, 1, 1)	(4, 3, 2, 1, 0)	GCF_017874415.1.fasta.gz	NZ_JAGGLM010000005.1|67276|74140	dereplication_representative
GCF_017874545.1	NZ_JAGGLT010000024.1	25540	32384	10.2098	1	1	1	1	0	1	1	196	(1, 1, 1, 1, 1, 1)	(5, 4, 3, 2, 1, 0)	GCF_017874545.1.fasta.gz	NZ_JAGGLT010000024.1|25540|32384	dereplication_representative
GCF_030534315.2	NZ_CP130558.2	2952098	2958942	10.2096	1	1	1	1	0	1	1	267	(1, 1, 1, 1, 1, 1)	(6, 5, 4, 3, 2, 1)	GCF_030534315.2.fasta.gz	NZ_JAGGLT010000024.1|25540|32384	readded_by_content
GCF_018390735.1	NZ_JAHBCL010000024.1	43635	50752	13.4163	1	1	1	1	1	1	1	201	(1, 1, 1, 1, 1, 1, 1)	(6, 5, 4, 3, 2, 1, 0)	GCF_018390735.1.fasta.gz	NZ_JAHBCL010000024.1|43635|50752	dereplication_representative
GCF_019144085.1	NZ_JAHHUY010000004.1	55478	62338	7.1821	1	1	0	1	0	1	1	212	(-1, -1, -1, -1, -1)	(4, 3, 2, 1, 0)	GCF_019144085.1.fasta.gz	NZ_JAHHUY010000004.1|55478|62338	dereplication_representative
GCF_018861795.1	NZ_JAHLDR010000001.1	341034	347932	7.1823	1	1	0	1	0	1	2	204	(1, 1, 1, 1, 1)	(4, 3, 2, 1, 0)	GCF_018861795.1.fasta.gz	NZ_JAHLDR010000001.1|341034|347932	dereplication_representative
GCF_018861905.1	NZ_JAHLDU010000010.1	78707	85605	7.1812	1	1	0	1	0	1	1	206	(1, 1, 1, 1, 1)	(4, 3, 2, 1, 0)	GCF_018861905.1.fasta.gz	NZ_JAHLDU010000010.1|78707|85605	dereplication_representative
GCF_018861865.1	NZ_JAHLDV010000003.1	81879	88776	7.1837	1	1	0	1	0	1	2	205	(-1, -1, -1, -1, -1)	(4, 3, 2, 1, 0)	GCF_018861865.1.fasta.gz	NZ_JAHLDV010000003.1|81879|88776	dereplication_representative
GCF_018861735.1	NZ_JAHLEB010000009.1	45300	52206	7.1835	1	1	0	1	0	1	2	202	(1, 1, 1, 1, 1)	(4, 3, 2, 1, 0)	GCF_018861735.1.fasta.gz	NZ_JAHLEB010000009.1|45300|52206	dereplication_representative
GCF_018861755.1	NZ_JAHLEF010000008.1	134907	141822	7.1849	1	1	0	1	0	1	1	203	(-1, -1, -1, -1, -1)	(4, 3, 2, 1, 0)	GCF_018861755.1.fasta.gz	NZ_JAHLEF010000008.1|134907|141822	dereplication_representative
GCF_018917145.1	NZ_JAHLOD010000004.1	52005	58958	7.1767	1	1	0	1	0	1	1	207	(-1, -1, -1, -1, -1)	(4, 3, 2, 1, 0)	GCF_018917145.1.fasta.gz	NZ_JAHLOD010000004.1|52005|58958	dereplication_representative
GCF_018917965.1	NZ_JAHLPP010000001.1	938277	943744	7.1331	1	1	1	1	0	0	0	208	(-1, -1, -1, -1)	(3, 2, 1, 0)	GCF_018917965.1.fasta.gz	NZ_JAHLPP010000001.1|938277|943744	dereplication_representative
GCF_018918155.1	NZ_JAHLPY010000001.1	312358	320745	3.1091	0	1	0	1	0	1	1	209	(-1, -1, -1)	(2, 1, 0)	GCF_018918155.1.fasta.gz	NZ_JAHLPY010000001.1|312358|320745	dereplication_representative
GCF_018918285.1	NZ_JAHLQF010000003.1	585648	592647	7.1877	1	1	0	1	0	1	1	210	(1, 1, 1, 1, 1)	(4, 3, 2, 1, 0)	GCF_018918285.1.fasta.gz	NZ_JAHLQF010000003.1|585648|592647	dereplication_representative
GCF_020176155.1	NZ_JAIRAZ010000035.1	5574	12485	7.182	1	1	0	1	0	1	1	214	(1, 1, 1, 1, 1)	(4, 3, 2, 1, 0)	GCF_020176155.1.fasta.gz	NZ_JAIRAZ010000035.1|5574|12485	dereplication_representative
GCF_020443705.1	NZ_JAIZZK010000001.1	402723	409734	7.1858	1	1	0	1	0	1	1	217	(-1, -1, -1, -1, -1)	(4, 3, 2, 1, 0)	GCF_020443705.1.fasta.gz	NZ_JAIZZK010000001.1|402723|409734	dereplication_representative
GCF_020443565.1	NZ_JAIZZN010000004.1	51348	58309	7.1874	1	1	0	1	0	1	2	215	(-1, -1, -1, -1, -1)	(4, 3, 2, 1, 0)	GCF_020443565.1.fasta.gz	NZ_JAIZZN010000004.1|51348|58309	dereplication_representative
GCF_020443575.1	NZ_JAIZZY010000004.1	211523	218421	7.182	1	1	0	1	0	1	2	216	(1, 1, 1, 1, 1)	(4, 3, 2, 1, 0)	GCF_020443575.1.fasta.gz	NZ_JAIZZY010000004.1|211523|218421	dereplication_representative
GCF_020686985.1	NZ_JAJEPU010000020.1	26467	31221	3.1123	0	1	0	1	0	1	1	218	(1, 1, 1)	(2, 1, 0)	GCF_020686985.1.fasta.gz	NZ_JAJEPU010000020.1|26467|31221	dereplication_representative
GCF_020908015.1	NZ_JAJJPB010000020.1	37135	44115	10.185	1	1	1	1	0	1	1	220	(1, 1, 1, 1, 1, 1)	(5, 4, 3, 2, 1, 0)	GCF_020908015.1.fasta.gz	NZ_JAJJPB010000020.1|37135|44115	dereplication_representative
GCF_021043395.1	NZ_JAJNKE010000001.1	249386	256776	7.1856	1	1	0	1	0	1	1	222	(-1, -1, -1, -1, -1)	(4, 3, 2, 1, 0)	GCF_021043395.1.fasta.gz	NZ_JAJNKE010000001.1|249386|256776	dereplication_representative
GCF_021044755.1	NZ_JAJNOR010000002.1	153100	157808	3.1123	0	1	0	1	0	1	1	223	(-1, -1, -1)	(2, 1, 0)	GCF_021044755.1.fasta.gz	NZ_JAJNOR010000002.1|153100|157808	dereplication_representative
GCF_026155355.1	NZ_JAJUXF010000001.1	856672	861147	4.0948	0	0	0	1	0	1	1	245	(1, 1, 1)	(5, 4, 3)	GCF_026155355.1.fasta.gz	NZ_JAJUXF010000001.1|856672|861147	dereplication_representative
GCF_022132365.1	NZ_JAKNJB010000022.1	33771	38756	7.132	1	1	1	1	0	0	0	227	(-1, -1, -1, -1)	(3, 2, 1, 0)	GCF_022132365.1.fasta.gz	NZ_JAKNJB010000022.1|33771|38756	dereplication_representative
GCF_022440865.1	NZ_JAKNTP010000001.1	476260	482163	9.1846	1	1	1	1	1	0	0	228	(1, 1, 1, 1, 1)	(4, 3, 2, 1, 0)	GCF_022440865.1.fasta.gz	NZ_JAKNTP010000001.1|476260|482163	dereplication_representative
GCF_023161605.1	NZ_JALNQL010000002.1	460178	466992	10.2432	1	1	1	1	0	1	1	231	(-1, -1, -1, -1, -1, -1)	(5, 4, 3, 2, 1, 0)	GCF_023161605.1.fasta.gz	NZ_JALNQL010000002.1|460178|466992	dereplication_representative
GCF_023656515.1	NZ_JAMOFV010000006.1	2229295	2236204	7.1878	1	1	0	1	0	1	2	233	(-1, -1, -1, -1, -1)	(4, 3, 2, 1, 0)	GCF_023656515.1.fasta.gz	NZ_JAMOFV010000006.1|2229295|2236204	dereplication_representative
GCF_023806125.1	NZ_JAMSKT010000006.1	93110	99976	7.189	1	1	0	1	0	1	1	234	(1, 1, 1, 1, 1)	(4, 3, 2, 1, 0)	GCF_023806125.1.fasta.gz	NZ_JAMSKT010000006.1|93110|99976	dereplication_representative
GCF_024135845.1	NZ_JAMYJV010000003.1	516502	520316	4.0956	0	0	0	1	0	1	1	235	(1, 1, 1)	(3, 2, 1)	GCF_024135845.1.fasta.gz	NZ_JAMYJV010000003.1|516502|520316	dereplication_representative
GCF_024622825.1	NZ_JANKAH010000011.1	46758	53845	10.1933	1	1	1	1	0	1	1	238	(1, 1, 1, 1, 1, 1)	(5, 4, 3, 2, 1, 0)	GCF_024622825.1.fasta.gz	NZ_JANKAH010000011.1|46758|53845	dereplication_representative
GCF_024723825.1	NZ_JANQBQ010000001.1	1921014	1927465	9.1835	1	1	1	1	1	0	0	239	(-1, -1, -1, -1, -1)	(4, 3, 2, 1, 0)	GCF_024723825.1.fasta.gz	NZ_JANQBQ010000001.1|1921014|1927465	dereplication_representative
GCF_025398335.1	NZ_JAODOO010000009.1	15840	23008	7.1855	1	1	0	1	0	1	1	241	(-1, -1, -1, -1, -1)	(4, 3, 2, 1, 0)	GCF_025398335.1.fasta.gz	NZ_JAODOO010000009.1|15840|23008	dereplication_representative
GCF_025567365.1	NZ_JAOQJG010000008.1	6405	13171	3.1107	0	1	0	1	0	1	1	243	(-1, -1, -1)	(2, 1, 0)	GCF_025567365.1.fasta.gz	NZ_JAOQJG010000008.1|6405|13171	dereplication_representative
GCF_025567095.1	NZ_JAOQJH010000006.1	99498	104312	3.1162	0	1	0	1	0	1	1	242	(1, 1, 1)	(2, 1, 0)	GCF_025567095.1.fasta.gz	NZ_JAOQJH010000006.1|99498|104312	dereplication_representative
GCF_034439435.1	NZ_JAPCKJ010000001.1	943545	950043	10.1922	1	1	1	1	0	1	1	281	(-1, -1, -1, -1, -1, -1)	(6, 5, 4, 3, 2, 1)	GCF_034439435.1.fasta.gz	NZ_JAPCKJ010000001.1|943545|950043	dereplication_representative
GCF_027853495.1	NZ_JAPNNV010000006.1	22582	29035	9.1837	1	1	1	1	1	0	0	255	(-1, -1, -1, -1, -1)	(4, 3, 2, 1, 0)	GCF_027853495.1.fasta.gz	NZ_JAPNNV010000006.1|22582|29035	dereplication_representative
GCF_026719745.1	NZ_JAPPRQ010000011.1	92184	99003	7.1865	1	1	0	1	0	1	1	250	(1, 1, 1, 1, 1)	(4, 3, 2, 1, 0)	GCF_026719745.1.fasta.gz	NZ_JAPPRQ010000011.1|92184|99003	dereplication_representative
GCF_026735135.1	NZ_JAPQER010000002.1	74676	81524	7.1898	1	1	0	1	0	1	1	251	(1, 1, 1, 1, 1)	(4, 3, 2, 1, 0)	GCF_026735135.1.fasta.gz	NZ_JAPQER010000002.1|74676|81524	dereplication_representative
GCF_026735165.1	NZ_JAPQES010000002.1	172808	179713	7.1869	1	1	0	1	0	1	1	252	(-1, -1, -1, -1, -1)	(4, 3, 2, 1, 0)	GCF_026735165.1.fasta.gz	NZ_JAPQES010000002.1|172808|179713	dereplication_representative
GCF_026738875.1	NZ_JAPQFJ010000007.1	14206	21085	5.1595	1	1	0	1	0	0	1	253	(-1, -1, -1, -1)	(3, 2, 1, 0)	GCF_026738875.1.fasta.gz	NZ_JAPQFJ010000007.1|14206|21085	dereplication_representative
GCF_027696135.1	NZ_JAQETU010000021.1	46808	51554	3.1131	0	1	0	1	0	1	1	254	(-1, -1, -1)	(2, 1, 0)	GCF_027696135.1.fasta.gz	NZ_JAQETU010000021.1|46808|51554	dereplication_representative
GCF_028728205.1	NZ_JAQYUU010000001.1	1427220	1434076	7.1851	1	1	0	1	0	1	2	256	(-1, -1, -1, -1, -1)	(5, 4, 3, 2, 1)	GCF_028728205.1.fasta.gz	NZ_JAQYUU010000001.1|1427220|1434076	dereplication_representative
GCF_029914245.1	NZ_JARYZI010000001.1	646385	653452	13.3037	1	1	1	1	1	1	1	260	(-1, -1, -1, -1, -1, -1, -1)	(6, 5, 4, 3, 2, 1, 0)	GCF_029914245.1.fasta.gz	NZ_JARYZI010000001.1|646385|653452	dereplication_representative
GCF_030053595.1	NZ_JASGBQ010000003.1	141095	145805	3.1141	0	1	0	1	0	1	1	262	(-1, -1, -1)	(2, 1, 0)	GCF_030053595.1.fasta.gz	NZ_JASGBQ010000003.1|141095|145805	dereplication_representative
GCF_030131965.1	NZ_JASKYN010000007.1	21044	35390	9.1833	1	1	1	1	1	0	0	263	(-1, -1, -1, -1, -1)	(4, 3, 2, 1, 0)	GCF_030131965.1.fasta.gz	NZ_JASKYN010000007.1|21044|35390	dereplication_representative
GCF_030372275.1	NZ_JAUDDJ010000002.1	5269	10063	7.1316	1	1	1	1	0	0	0	266	(-1, -1, -1, -1)	(3, 2, 1, 0)	GCF_030372275.1.fasta.gz	NZ_JAUDDJ010000002.1|5269|10063	dereplication_representative
GCF_040088595.1	NZ_JAULJF010000005.1	8513	15836	13.2246	1	1	1	1	1	1	1	299	(1, 1, 1, 1, 1, 1, 1)	(6, 5, 4, 3, 2, 1, 0)	GCF_040088595.1.fasta.gz	NZ_JAULJF010000005.1|8513|15836	dereplication_representative
GCF_030546345.1	NZ_JAUONW010000040.1	96324	102794	7.2161	1	1	0	1	0	1	2	268	(1, 1, 1, 1, 1)	(4, 3, 2, 1, 0)	GCF_030546345.1.fasta.gz	NZ_JAUONW010000040.1|96324|102794	dereplication_representative
GCF_030812885.1	NZ_JAUSTO010000001.1	44279	49201	3.1108	0	1	0	1	0	1	1	272	(-1, -1, -1)	(2, 1, 0)	GCF_030812885.1.fasta.gz	NZ_JAUSTO010000001.1|44279|49201	dereplication_representative
GCF_030815255.1	NZ_JAUSWN010000010.1	84127	91045	7.1833	1	1	0	1	0	1	1	273	(1, 1, 1, 1, 1)	(4, 3, 2, 1, 0)	GCF_030815255.1.fasta.gz	NZ_JAUSWN010000010.1|84127|91045	dereplication_representative
GCF_030848475.1	NZ_JAVDDS010000034.1	24117	28632	4.0838	0	0	0	1	0	1	1	274	(1, 1, 1)	(2, 1, 0)	GCF_030848475.1.fasta.gz	NZ_JAVDDS010000034.1|24117|28632	dereplication_representative
GCF_031432315.1	NZ_JAVKGO010000001.1	180889	188521	13.2439	1	1	1	1	1	1	1	277	(1, 1, 1, 1, 1, 1, 1)	(6, 5, 4, 3, 2, 1, 0)	GCF_031432315.1.fasta.gz	NZ_JAVKGO010000001.1|180889|188521	dereplication_representative
GCF_036941135.1	NZ_JAYWSY010000001.1	1115074	1121948	7.1326	1	1	1	1	0	0	0	286	(1, 1, 1, 1)	(3, 2, 1, 0)	GCF_036941135.1.fasta.gz	NZ_JAYWSY010000001.1|1115074|1121948	dereplication_representative
GCF_036763025.1	NZ_JBAIYY010000001.1	17953	24803	10.2089	1	1	1	1	0	1	1	284	(-1, -1, -1, -1, -1, -1)	(5, 4, 3, 2, 1, 0)	GCF_036763025.1.fasta.gz	NZ_JBAIYY010000001.1|17953|24803	dereplication_representative
GCF_038739695.1	NZ_JBBEWN010000003.1	38915	42629	5.0926	0	1	1	1	0	0	0	291	(-1, -1, -1)	(2, 1, 0)	GCF_038739695.1.fasta.gz	NZ_JBBEWN010000003.1|38915|42629	dereplication_representative
GCF_037572415.1	NZ_JBBHLB010000001.1	328750	338646	4.1232	1	1	0	1	0	0	0	288	(1, 1, 1)	(2, 1, 0)	GCF_037572415.1.fasta.gz	NZ_JBBHLB010000001.1|328750|338646	dereplication_representative
GCF_040096205.1	NZ_JBBMFD010000001.1	308647	312518	5.0917	0	1	1	1	0	0	0	302	(-1, -1, -1)	(3, 2, 1)	GCF_040096205.1.fasta.gz	NZ_JBBMFD010000001.1|308647|312518	dereplication_representative
GCF_040096075.1	NZ_JBBMFJ010000036.1	21038	25728	3.1108	0	1	0	1	0	1	1	301	(-1, -1, -1)	(2, 1, 0)	GCF_040096075.1.fasta.gz	NZ_JBBMFJ010000036.1|21038|25728	dereplication_representative
GCF_040096055.1	NZ_JBBMFK010000012.1	56092	60928	7.1346	1	1	1	1	0	0	0	300	(-1, -1, -1, -1)	(3, 2, 1, 0)	GCF_040096055.1.fasta.gz	NZ_JBBMFK010000012.1|56092|60928	dereplication_representative
GCF_037844525.1	NZ_JBBMMD010000047.1	17163	24993	13.2504	1	1	1	1	1	1	1	289	(1, 1, 1, 1, 1, 1, 1)	(6, 5, 4, 3, 2, 1, 0)	GCF_037844525.1.fasta.gz	NZ_JBBMMD010000047.1|17163|24993	dereplication_representative
GCF_039414295.1	NZ_JBCITM010000002.1	8555	15564	13.2201	1	1	1	1	1	1	1	292	(1, 1, 1, 1, 1, 1, 1)	(6, 5, 4, 3, 2, 1, 0)	GCF_039414295.1.fasta.gz	NZ_JBCITM010000002.1|8555|15564	dereplication_representative
GCF_039503245.1	NZ_JBCLMT010000008.1	84340	89468	7.1303	1	1	1	1	0	0	0	293	(1, 1, 1, 1)	(3, 2, 1, 0)	GCF_039503245.1.fasta.gz	NZ_JBCLMT010000008.1|84340|89468	dereplication_representative
GCF_040719375.1	NZ_JBFDTP010000002.1	327400	332131	3.1117	0	1	0	1	0	1	1	306	(1, 1, 1)	(2, 1, 0)	GCF_040719375.1.fasta.gz	NZ_JBFDTP010000002.1|327400|332131	dereplication_representative
GCF_041205085.1	NZ_JBGEWD010000007.1	111304	118377	7.1814	1	1	0	1	0	1	1	307	(-1, -1, -1, -1, -1)	(4, 3, 2, 1, 0)	GCF_041205085.1.fasta.gz	NZ_JBGEWD010000007.1|111304|118377	dereplication_representative
GCF_041925195.1	NZ_JBHEVB010000002.1	8989	13786	7.1317	1	1	1	1	0	0	0	309	(-1, -1, -1, -1)	(3, 2, 1, 0)	GCF_041925195.1.fasta.gz	NZ_JBHEVB010000002.1|8989|13786	dereplication_representative
GCF_041925235.1	NZ_JBHEVC010000002.1	243754	247603	5.0929	0	1	1	1	0	0	0	310	(1, 1, 1)	(3, 2, 1)	GCF_041925235.1.fasta.gz	NZ_JBHEVC010000002.1|243754|247603	dereplication_representative
GCF_045310525.1	NZ_JBJHZY010000001.1	1492112	1499028	7.1876	1	1	0	1	0	1	1	318	(1, 1, 1, 1, 1)	(4, 3, 2, 1, 0)	GCF_045310525.1.fasta.gz	NZ_JBJHZY010000001.1|1492112|1499028	dereplication_representative
GCF_045310675.1	NZ_JBJHZZ010000006.1	61203	68106	7.186	1	1	0	1	0	1	1	319	(-1, -1, -1, -1, -1)	(4, 3, 2, 1, 0)	GCF_045310675.1.fasta.gz	NZ_JBJHZZ010000006.1|61203|68106	dereplication_representative
GCF_045310695.1	NZ_JBJIAA010000012.1	93381	100556	7.186	1	1	0	1	0	1	1	320	(1, 1, 1, 1, 1)	(4, 3, 2, 1, 0)	GCF_045310695.1.fasta.gz	NZ_JBJIAA010000012.1|93381|100556	dereplication_representative
GCF_048627165.1	NZ_JBMBWP010000002.1	1910089	1914859	3.1097	0	1	0	1	0	1	1	328	(-1, -1, -1)	(4, 3, 2)	GCF_048627165.1.fasta.gz	NZ_JBMBWP010000002.1|1910089|1914859	dereplication_representative
GCF_000724385.2	NZ_JENO01000007.1	50373	57215	7.186	1	1	0	1	0	1	1	36	(-1, -1, -1, -1, -1)	(4, 3, 2, 1, 0)	GCF_000724385.2.fasta.gz	NZ_JENO01000007.1|50373|57215	dereplication_representative
GCF_000179595.2	NZ_JH556651.1	121016	125484	4.0911	0	0	0	1	0	1	1	10	(1, 1, 1)	(2, 1, 0)	GCF_000179595.2.fasta.gz	NZ_JH556651.1|121016|125484	dereplication_representative
GCF_000242235.1	NZ_JH590863.1	529465	534352	3.1071	0	1	0	1	0	1	1	16	(1, 1, 1)	(3, 2, 1)	GCF_000242235.1.fasta.gz	NZ_JH590863.1|529465|534352	dereplication_representative
GCF_000619945.1	NZ_JHVC01000018.1	3567	10697	7.1853	1	1	0	1	0	1	1	28	(1, 1, 1, 1, 1)	(4, 3, 2, 1, 0)	GCF_000619945.1.fasta.gz	NZ_JHVC01000018.1|3567|10697	dereplication_representative
GCF_000621505.1	NZ_JHYD01000009.1	183432	191372	10.1998	1	1	1	1	0	1	1	30	(-1, -1, -1, -1, -1, -1)	(5, 4, 3, 2, 1, 0)	GCF_000621505.1.fasta.gz	NZ_JHYD01000009.1|183432|191372	dereplication_representative
GCF_000621485.1	NZ_JHYF01000001.1	58892	66471	13.2504	1	1	1	1	1	1	2	29	(1, 1, 1, 1, 1, 1, 1)	(6, 5, 4, 3, 2, 1, 0)	GCF_000621485.1.fasta.gz	NZ_JHYF01000001.1|58892|66471	dereplication_representative
GCF_000699585.2	NZ_JJMM01000005.1	106595	113442	13.2479	1	1	1	1	1	1	1	33	(1, 1, 1, 1, 1, 1, 1)	(6, 5, 4, 3, 2, 1, 0)	GCF_000699585.2.fasta.gz	NZ_JJMM01000005.1|106595|113442	dereplication_representative
GCF_000703125.1	NZ_JNLN01000001.1	2869229	2876146	7.1867	1	1	0	1	0	1	1	34	(-1, -1, -1, -1, -1)	(5, 4, 3, 2, 1)	GCF_000703125.1.fasta.gz	NZ_JNLN01000001.1|2869229|2876146	dereplication_representative
GCF_000806225.2	NZ_JOOI01000001.1	354270	361608	13.2255	1	1	1	1	1	1	1	39	(1, 1, 1, 1, 1, 1, 1)	(6, 5, 4, 3, 2, 1, 0)	GCF_000806225.2.fasta.gz	NZ_JOOI01000001.1|354270|361608	dereplication_representative
GCF_000732635.1	NZ_JPMD01000035.1	79334	86173	5.1632	1	1	0	1	0	1	1	37	(1, 1, 1, 1)	(3, 2, 1, 0)	GCF_000732635.1.fasta.gz	NZ_JPMD01000035.1|79334|86173	dereplication_representative
GCF_000744935.1	NZ_JQMW01000009.1	1092500	1097146	4.1335	1	1	0	1	0	0	0	38	(-1, -1, -1)	(2, 1, 0)	GCF_000744935.1.fasta.gz	NZ_JQMW01000009.1|1092500|1097146	dereplication_representative
GCF_000383295.1	NZ_KB911066.1	118834	123746	4.126	1	1	0	1	0	0	0	22	(-1, -1, -1)	(2, 1, 0)	GCF_000383295.1.fasta.gz	NZ_KB911066.1|118834|123746	dereplication_representative
GCF_000686705.1	NZ_KK366004.1	561292	568429	10.1939	1	1	1	1	0	1	1	31	(1, 1, 1, 1, 1, 1)	(5, 4, 3, 2, 1, 0)	GCF_000686705.1.fasta.gz	NZ_KK366004.1|561292|568429	dereplication_representative
GCF_000686725.1	NZ_KK366008.1	171195	178008	7.1773	1	1	0	1	0	1	1	32	(-1, -1, -1, -1, -1)	(4, 3, 2, 1, 0)	GCF_000686725.1.fasta.gz	NZ_KK366008.1|171195|178008	dereplication_representative
GCF_000981035.1	NZ_LAYJ01000101.1	74273	85561	4.1253	1	1	0	1	0	0	0	41	(1, 1, 1)	(2, 1, 0)	GCF_000981035.1.fasta.gz	NZ_LAYJ01000101.1|74273|85561	dereplication_representative
GCF_001047375.1	NZ_LFVU01000027.1	16188	24634	10.212	1	1	1	1	0	1	1	44	(1, 1, 1, 1, 1, 1)	(5, 4, 3, 2, 1, 0)	GCF_001047375.1.fasta.gz	NZ_LFVU01000027.1|16188|24634	dereplication_representative
GCF_001262605.1	NZ_LGTC01000001.1	793876	802891	10.1967	1	1	1	1	0	1	1	45	(1, 1, 1, 1, 1, 1)	(5, 4, 3, 2, 1, 0)	GCF_001262605.1.fasta.gz	NZ_LGTC01000001.1|793876|802891	dereplication_representative
GCF_001263795.1	NZ_LHUR01000011.1	217544	224381	7.19	1	1	0	1	0	1	1	46	(-1, -1, -1, -1, -1)	(4, 3, 2, 1, 0)	GCF_001263795.1.fasta.gz	NZ_LHUR01000011.1|217544|224381	dereplication_representative
GCF_001636845.1	NZ_LITT01000004.1	107563	114493	7.1826	1	1	0	1	0	1	1	59	(-1, -1, -1, -1, -1)	(4, 3, 2, 1, 0)	GCF_001636845.1.fasta.gz	NZ_LITT01000004.1|107563|114493	dereplication_representative
GCF_001317355.1	NZ_LKET01000028.1	139087	145969	7.2063	1	1	0	1	0	1	2	51	(-1, -1, -1, -1, -1)	(4, 3, 2, 1, 0)	GCF_001317355.1.fasta.gz	NZ_LKET01000028.1|139087|145969	dereplication_representative
GCF_001440545.1	NZ_LKHP01000003.1	230762	237237	7.2131	1	1	0	1	0	1	1	53	(1, 1, 1, 1, 1)	(4, 3, 2, 1, 0)	GCF_001440545.1.fasta.gz	NZ_LKHP01000003.1|230762|237237	dereplication_representative
GCF_001282685.1	NZ_LN875035.1	3188051	3191702	4.0983	0	0	0	1	0	1	1	47	(-1, -1, -1)	(3, 2, 1)	GCF_001282685.1.fasta.gz	NZ_LN875035.1|3188051|3191702	dereplication_representative
GCF_001282725.1	NZ_LN876587.1	888084	895588	13.2616	1	1	1	1	1	1	1	48	(1, 1, 1, 1, 1, 1, 1)	(6, 5, 4, 3, 2, 1, 0)	GCF_001282725.1.fasta.gz	NZ_LN876587.1|888084|895588	dereplication_representative
GCF_001403635.1	NZ_LN879468.1	1056126	1062808	5.1628	1	1	0	1	0	1	1	52	(-1, -1, -1, -1)	(3, 2, 1, 0)	GCF_001403635.1.fasta.gz	NZ_LN879468.1|1056126|1062808	dereplication_representative
GCF_001562415.1	NZ_LOEE01000019.1	10127	27962	13.2675	1	1	1	1	1	1	2	55	(-1, -1, -1, -1, -1, -1, -1)	(6, 5, 4, 3, 2, 1, 0)	GCF_001562415.1.fasta.gz	NZ_LOEE01000019.1|10127|27962	dereplication_representative
GCF_001559865.1	NZ_LOHE01000068.1	83310	94359	13.243	1	1	1	1	1	1	1	54	(1, 1, 1, 1, 1, 1, 1)	(6, 5, 4, 3, 2, 1, 0)	GCF_001559865.1.fasta.gz	NZ_LOHE01000068.1|83310|94359	dereplication_representative
GCF_900604345.1	NZ_LR026983.1	86904	99548	6.1254	0	1	1	1	0	1	1	381	(-1, -1, -1, -1)	(3, 2, 1, 0)	GCF_900604345.1.fasta.gz	NZ_LR026983.1|86904|99548	dereplication_representative
GCF_900538275.1	NZ_LR130778.1	3074664	3081344	6.1191	0	1	1	1	0	1	1	379	(1, 1, 1, 1)	(4, 3, 2, 1)	GCF_900538275.1.fasta.gz	NZ_LR130778.1|3074664|3081344	dereplication_representative
GCF_900626135.1	NZ_LR130785.1	1547701	1555023	13.2462	1	1	1	1	1	1	1	384	(1, 1, 1, 1, 1, 1, 1)	(6, 5, 4, 3, 2, 1, 0)	GCF_900626135.1.fasta.gz	NZ_LR130785.1|1547701|1555023	dereplication_representative
GCF_900626285.1	NZ_LR131147.1	33944	44374	4.1241	1	1	0	1	0	0	0	385	(1, 1, 1)	(2, 1, 0)	GCF_900626285.1.fasta.gz	NZ_LR131147.1|33944|44374	dereplication_representative
GCF_900683775.1	NZ_LR215983.1	3000408	3004636	4.1457	1	1	0	1	0	0	0	386	(-1, -1, -1)	(4, 3, 2)	GCF_900683775.1.fasta.gz	NZ_LR215983.1|3000408|3004636	dereplication_representative
GCF_901482605.1	NZ_LR590481.1	1927707	1934626	7.1838	1	1	0	1	0	1	1	387	(-1, -1, -1, -1, -1)	(5, 4, 3, 2, 1)	GCF_901482605.1.fasta.gz	NZ_LR590481.1|1927707|1934626	dereplication_representative
GCF_902387945.1	NZ_LR699010.1	1921564	1927585	3.1113	0	1	0	1	0	1	1	396	(-1, -1, -1)	(3, 2, 1)	GCF_902387945.1.fasta.gz	NZ_LR699010.1|1921564|1927585	dereplication_representative
GCF_900106845.1	NZ_LT629850.1	151085	159770	9.1836	1	1	1	1	1	0	0	337	(1, 1, 1, 1, 1)	(4, 3, 2, 1, 0)	GCF_900106845.1.fasta.gz	NZ_LT629850.1|151085|159770	dereplication_representative
GCF_900104675.1	NZ_LT629945.1	2223998	2228866	7.1319	1	1	1	1	0	0	0	336	(1, 1, 1, 1)	(5, 4, 3, 2)	GCF_900104675.1.fasta.gz	NZ_LT629945.1|2223998|2228866	dereplication_representative
GCF_900155545.1	NZ_LT732526.1	2845967	2850720	3.1107	0	1	0	1	0	1	1	357	(-1, -1, -1)	(5, 4, 3)	GCF_900155545.1.fasta.gz	NZ_LT732526.1|2845967|2850720	dereplication_representative
GCF_900169665.1	NZ_LT835157.1	1697637	1701468	5.0909	0	1	1	1	0	0	0	362	(1, 1, 1)	(4, 3, 2)	GCF_900169665.1.fasta.gz	NZ_LT835157.1|1697637|1701468	dereplication_representative
GCF_900205865.1	NZ_LT906662.1	67391	74775	13.2175	1	1	1	1	1	1	1	371	(-1, -1, -1, -1, -1, -1, -1)	(6, 5, 4, 3, 2, 1, 0)	GCF_900205865.1.fasta.gz	NZ_LT906662.1|67391|74775	dereplication_representative
GCF_900199635.1	NZ_LT962687.1	1490994	1496056	7.1322	1	1	1	1	0	0	0	370	(-1, -1, -1, -1)	(3, 2, 1, 0)	GCF_900199635.1.fasta.gz	NZ_LT962687.1|1490994|1496056	dereplication_representative
GCF_900199405.1	NZ_LT963430.1	1899528	1907258	8.1742	1	1	1	1	0	1	1	369	(1, 1, 1, 1, 1)	(4, 3, 2, 1, 0)	GCF_900199405.1.fasta.gz	NZ_LT963430.1|1899528|1907258	dereplication_representative
GCF_001594005.1	NZ_LTBA01000001.1	392461	399332	10.1966	1	1	1	1	0	1	1	57	(-1, -1, -1, -1, -1, -1)	(5, 4, 3, 2, 1, 0)	GCF_001594005.1.fasta.gz	NZ_LTBA01000001.1|392461|399332	dereplication_representative
GCF_001593985.1	NZ_LTBB01000001.1	43308	50138	7.188	1	1	0	1	0	1	1	56	(-1, -1, -1, -1, -1)	(4, 3, 2, 1, 0)	GCF_001593985.1.fasta.gz	NZ_LTBB01000001.1|43308|50138	dereplication_representative
GCF_001623875.1	NZ_LWAE01000001.1	832538	839731	7.1843	1	1	0	1	0	1	1	58	(1, 1, 1, 1, 1)	(4, 3, 2, 1, 0)	GCF_001623875.1.fasta.gz	NZ_LWAE01000001.1|832538|839731	dereplication_representative
GCF_001655775.1	NZ_LXFF01000014.1	17686	24127	10.1783	1	1	1	1	0	1	1	60	(-1, -1, -1, -1, -1, -1)	(5, 4, 3, 2, 1, 0)	GCF_001655775.1.fasta.gz	NZ_LXFF01000014.1|17686|24127	dereplication_representative
GCF_001758365.1	NZ_LZFO01000032.1	12222	19052	7.1888	1	1	0	1	0	1	1	64	(-1, -1, -1, -1, -1)	(4, 3, 2, 1, 0)	GCF_001758365.1.fasta.gz	NZ_LZFO01000032.1|12222|19052	dereplication_representative
GCF_001940315.1	NZ_MJIF01000001.1	852508	861039	6.1163	0	1	1	1	0	1	1	69	(-1, -1, -1, -1)	(3, 2, 1, 0)	GCF_001940315.1.fasta.gz	NZ_MJIF01000001.1|852508|861039	dereplication_representative
GCF_001940245.1	NZ_MJIG01000003.1	270072	276885	3.1129	0	1	0	1	0	1	1	68	(1, 1, 1)	(2, 1, 0)	GCF_001940245.1.fasta.gz	NZ_MJIG01000003.1|270072|276885	dereplication_representative
GCF_002029235.1	NZ_MZGV01000008.1	62284	69336	7.1833	1	1	0	1	0	1	1	71	(1, 1, 1, 1, 1)	(4, 3, 2, 1, 0)	GCF_002029235.1.fasta.gz	NZ_MZGV01000008.1|62284|69336	dereplication_representative
GCF_002051585.1	NZ_MZGX01000020.1	10348	18459	10.1968	1	1	1	1	0	1	1	72	(1, 1, 1, 1, 1, 1)	(5, 4, 3, 2, 1, 0)	GCF_002051585.1.fasta.gz	NZ_MZGX01000020.1|10348|18459	dereplication_representative
GCF_002969215.1	NZ_NEMB01000003.1	3000212	3004653	4.0875	0	0	0	1	0	1	1	96	(-1, -1, -1)	(5, 4, 3)	GCF_002969215.1.fasta.gz	NZ_NEMB01000003.1|3000212|3004653	dereplication_representative
GCF_002159175.1	NZ_NFGZ01000003.1	187252	195884	7.1314	1	1	1	1	0	0	0	74	(-1, -1, -1, -1)	(3, 2, 1, 0)	GCF_002159175.1.fasta.gz	NZ_NFGZ01000003.1|187252|195884	dereplication_representative
GCF_002159465.1	NZ_NFIR01000007.1	2643	8839	3.1116	0	1	0	1	0	1	1	75	(1, 1, 1)	(2, 1, 0)	GCF_002159465.1.fasta.gz	NZ_NFIR01000007.1|2643|8839	dereplication_representative
GCF_002161055.1	NZ_NFLT01000005.1	89841	93387	4.0983	0	0	0	1	0	1	1	76	(1, 1, 1)	(2, 1, 0)	GCF_002161055.1.fasta.gz	NZ_NFLT01000005.1|89841|93387	dereplication_representative
GCF_002161085.1	NZ_NFLU01000008.1	23860	37995	4.1236	1	1	0	1	0	0	0	78	(1, 1, 1)	(2, 1, 0)	GCF_002161085.1.fasta.gz	NZ_NFLU01000008.1|23860|37995	dereplication_representative
GCF_002161065.1	NZ_NFLV01000003.1	187259	193346	6.1173	0	1	1	1	0	1	1	77	(-1, -1, -1, -1)	(3, 2, 1, 0)	GCF_002161065.1.fasta.gz	NZ_NFLV01000003.1|187259|193346	dereplication_representative
GCF_002161175.1	NZ_NFMA01000005.1	42489	47389	7.1306	1	1	1	1	0	0	0	79	(-1, -1, -1, -1)	(3, 2, 1, 0)	GCF_002161175.1.fasta.gz	NZ_NFMA01000005.1|42489|47389	dereplication_representative
GCF_002161215.1	NZ_NFMB01000007.1	234144	244427	4.1242	1	1	0	1	0	0	0	80	(-1, -1, -1)	(2, 1, 0)	GCF_002161215.1.fasta.gz	NZ_NFMB01000007.1|234144|244427	dereplication_representative
GCF_002270055.1	NZ_NIBG01000001.1	41832	53998	13.2608	1	1	1	1	1	1	1	85	(1, 1, 1, 1, 1, 1, 1)	(6, 5, 4, 3, 2, 1, 0)	GCF_002270055.1.fasta.gz	NZ_NIBG01000001.1|41832|53998	dereplication_representative
GCF_002216005.1	NZ_NIQC01000018.1	34582	40402	7.1311	1	1	1	1	0	0	0	81	(-1, -1, -1, -1)	(3, 2, 1, 0)	GCF_002216005.1.fasta.gz	NZ_NIQC01000018.1|34582|40402	dereplication_representative
GCF_002250835.2	NZ_NOJY02000003.1	54946	63695	9.1846	1	1	1	1	1	0	0	83	(-1, -1, -1, -1, -1)	(4, 3, 2, 1, 0)	GCF_002250835.2.fasta.gz	NZ_NOJY02000003.1|54946|63695	dereplication_representative
GCF_002252565.1	NZ_NPML01000007.1	276848	289721	7.1443	1	1	1	1	0	0	0	84	(-1, -1, -1, -1)	(6, 5, 4, 3)	GCF_002252565.1.fasta.gz	NZ_NPML01000007.1|276848|289721	dereplication_representative
GCF_900205925.1	NZ_OAOD01000003.1	60142	67674	7.1841	1	1	0	1	0	1	1	372	(1, 1, 1, 1, 1)	(4, 3, 2, 1, 0)	GCF_900205925.1.fasta.gz	NZ_OAOD01000003.1|60142|67674	dereplication_representative
GCF_900205965.1	NZ_OAOF01000003.1	401679	406404	3.1092	0	1	0	1	0	1	1	374	(1, 1, 1)	(2, 1, 0)	GCF_900205965.1.fasta.gz	NZ_OAOF01000003.1|401679|406404	dereplication_representative
GCF_900205945.1	NZ_OAOH01000001.1	453436	464182	7.1864	1	1	0	1	0	1	1	373	(1, 1, 1, 1, 1)	(4, 3, 2, 1, 0)	GCF_900205945.1.fasta.gz	NZ_OAOH01000001.1|453436|464182	dereplication_representative
GCF_900240385.1	NZ_OEQH01000003.1	382810	387853	4.1254	1	1	0	1	0	0	0	375	(1, 1, 1)	(2, 1, 0)	GCF_900240385.1.fasta.gz	NZ_OEQH01000003.1|382810|387853	dereplication_representative
GCF_934924865.1	NZ_OW235315.1	873457	881380	13.2518	1	1	1	1	1	1	1	397	(1, 1, 1, 1, 1, 1, 1)	(6, 5, 4, 3, 2, 1, 0)	GCF_934924865.1.fasta.gz	NZ_OW235315.1|873457|881380	dereplication_representative
GCF_965140945.1	NZ_OZ223661.1	965802	976068	13.2248	1	1	1	1	1	1	1	406	(1, 1, 1, 1, 1, 1, 1)	(6, 5, 4, 3, 2, 1, 0)	GCF_965140945.1.fasta.gz	NZ_OZ223661.1|965802|976068	dereplication_representative
GCF_002735925.1	NZ_PEDL01000002.1	131691	135469	4.0937	0	0	0	1	0	1	1	89	(1, 1, 1)	(2, 1, 0)	GCF_002735925.1.fasta.gz	NZ_PEDL01000002.1|131691|135469	dereplication_representative
GCF_002796935.1	NZ_PETE01000002.1	3921230	3928539	7.1866	1	1	0	1	0	1	1	90	(1, 1, 1, 1, 1)	(5, 4, 3, 2, 1)	GCF_002796935.1.fasta.gz	NZ_PETE01000002.1|3921230|3928539	dereplication_representative
GCF_002899675.1	NZ_PKUU01000024.1	78222	82920	3.112	0	1	0	1	0	1	1	93	(1, 1, 1)	(2, 1, 0)	GCF_002899675.1.fasta.gz	NZ_PKUU01000024.1|78222|82920	dereplication_representative
GCF_002964605.1	NZ_PQDH01000001.1	223421	231090	8.1514	0	1	1	1	0	1	1	95	(-1, -1, -1, -1, -1)	(4, 3, 2, 1, 0)	GCF_002964605.1.fasta.gz	NZ_PQDH01000001.1|223421|231090	dereplication_representative
GCF_002934545.1	NZ_PTJA01000001.1	684799	689568	3.1103	0	1	0	1	0	1	1	94	(1, 1, 1)	(2, 1, 0)	GCF_002934545.1.fasta.gz	NZ_PTJA01000001.1|684799|689568	dereplication_representative
GCF_003024715.1	NZ_PYLO01000004.1	243047	247787	3.1133	0	1	0	1	0	1	1	97	(1, 1, 1)	(2, 1, 0)	GCF_003024715.1.fasta.gz	NZ_PYLO01000004.1|243047|247787	dereplication_representative
GCF_003208175.1	NZ_QKMR01000014.1	19946	28092	10.1981	1	1	1	1	0	1	1	99	(1, 1, 1, 1, 1, 1)	(5, 4, 3, 2, 1, 0)	GCF_003208175.1.fasta.gz	NZ_QKMR01000014.1|19946|28092	dereplication_representative
GCF_003337415.1	NZ_QPJT01000016.1	48304	56489	10.2016	1	1	1	1	0	1	1	101	(-1, -1, -1, -1, -1, -1)	(5, 4, 3, 2, 1, 0)	GCF_003337415.1.fasta.gz	NZ_QPJT01000016.1|48304|56489	dereplication_representative
GCF_003463065.1	NZ_QSCM01000004.1	152537	166007	3.1219	1	0	0	1	0	1	1	104	(-1, -1, -1)	(2, 1, 0)	GCF_003463065.1.fasta.gz	NZ_QSCM01000004.1|152537|166007	dereplication_representative
GCF_003477935.1	NZ_QUEH01000004.1	36281	40970	3.1117	0	1	0	1	0	1	1	105	(1, 1, 1)	(2, 1, 0)	GCF_003477935.1.fasta.gz	NZ_QUEH01000004.1|36281|40970	dereplication_representative
GCF_003478505.1	NZ_QUFI01000007.1	117308	121997	3.1108	0	1	0	1	0	1	1	106	(1, 1, 1)	(2, 1, 0)	GCF_003478505.1.fasta.gz	NZ_QUFI01000007.1|117308|121997	dereplication_representative
GCF_003478995.1	NZ_QUGI01000004.1	219475	223260	5.091	0	1	1	1	0	0	0	107	(-1, -1, -1)	(2, 1, 0)	GCF_003478995.1.fasta.gz	NZ_QUGI01000004.1|219475|223260	dereplication_representative
GCF_003480105.1	NZ_QUIK01000001.1	111367	116056	3.1105	0	1	0	1	0	1	1	108	(-1, -1, -1)	(2, 1, 0)	GCF_003480105.1.fasta.gz	NZ_QUIK01000001.1|111367|116056	dereplication_representative
GCF_003435515.1	NZ_QVME01000001.1	327243	332055	7.129	1	1	1	1	0	0	0	103	(1, 1, 1, 1)	(5, 4, 3, 2)	GCF_003435515.1.fasta.gz	NZ_QVME01000001.1|327243|332055	dereplication_representative
GCF_009935845.1	NZ_QWEK01000015.1	70643	75922	7.1299	1	1	1	1	0	0	0	144	(-1, -1, -1, -1)	(3, 2, 1, 0)	GCF_009935845.1.fasta.gz	NZ_QWEK01000015.1|70643|75922	dereplication_representative
GCF_003435225.1	NZ_QWGJ01000001.1	164525	169504	3.1107	0	1	0	1	0	1	1	102	(1, 1, 1)	(2, 1, 0)	GCF_003435225.1.fasta.gz	NZ_QWGJ01000001.1|164525|169504	dereplication_representative
GCF_009911265.1	NZ_QXXA01000009.1	103458	110782	13.2481	1	1	1	1	1	1	1	142	(-1, -1, -1, -1, -1, -1, -1)	(6, 5, 4, 3, 2, 1, 0)	GCF_009911265.1.fasta.gz	NZ_QXXA01000009.1|103458|110782	dereplication_representative
GCF_003752155.1	NZ_RJVG01000011.1	6338	17527	3.0956	0	1	0	1	0	1	0	112	(1, 1, 1)	(2, 1, 0)	GCF_003752155.1.fasta.gz	NZ_RJVG01000011.1|6338|17527	dereplication_representative
GCF_004102745.1	NZ_RLII01000004.1	99123	103584	4.0926	0	0	0	1	0	1	2	116	(-1, -1, -1)	(2, 1, 0)	GCF_004102745.1.fasta.gz	NZ_RLII01000004.1|99123|103584	dereplication_representative
GCF_003862485.1	NZ_RRCM01000001.1	692879	697904	3.1109	0	1	0	1	0	1	1	113	(1, 1, 1)	(2, 1, 0)	GCF_003862485.1.fasta.gz	NZ_RRCM01000001.1|692879|697904	dereplication_representative
GCF_004138105.1	NZ_RXHQ01000004.1	115365	122370	10.2051	1	1	1	1	0	1	1	119	(-1, -1, -1, -1, -1, -1)	(5, 4, 3, 2, 1, 0)	GCF_004138105.1.fasta.gz	NZ_RXHQ01000004.1|115365|122370	dereplication_representative
GCF_008086595.1	NZ_RXYA01000011.1	77829	82005	7.1459	1	1	1	1	0	0	0	132	(1, 1, 1, 1)	(3, 2, 1, 0)	GCF_008086595.1.fasta.gz	NZ_RXYA01000011.1|77829|82005	dereplication_representative
GCF_008086585.1	NZ_RXYD01000001.1	284140	293238	10.2222	1	1	1	1	0	1	1	131	(-1, -1, -1, -1, -1, -1)	(5, 4, 3, 2, 1, 0)	GCF_008086585.1.fasta.gz	NZ_RXYD01000001.1|284140|293238	dereplication_representative
GCF_004138215.1	NZ_RYYS01000042.1	4791	11755	10.2489	1	1	1	1	0	1	1	120	(1, 1, 1, 1, 1, 1)	(5, 4, 3, 2, 1, 0)	GCF_004138215.1.fasta.gz	NZ_RYYS01000042.1|4791|11755	dereplication_representative
GCF_004134775.1	NZ_SDOZ01000003.1	237254	242035	4.1269	1	1	0	1	0	0	0	118	(-1, -1, -1)	(2, 1, 0)	GCF_004134775.1.fasta.gz	NZ_SDOZ01000003.1|237254|242035	dereplication_representative
GCF_004216775.1	NZ_SGXF01000001.1	1027092	1033963	3.1111	0	1	0	1	0	1	1	121	(-1, -1, -1)	(3, 2, 1)	GCF_004216775.1.fasta.gz	NZ_SGXF01000001.1|1027092|1033963	dereplication_representative
GCF_004345705.1	NZ_SLWV01000001.1	74935	82410	13.2635	1	1	1	1	1	1	1	123	(-1, -1, -1, -1, -1, -1, -1)	(6, 5, 4, 3, 2, 1, 0)	GCF_004345705.1.fasta.gz	NZ_SLWV01000001.1|74935|82410	dereplication_representative
GCF_004342165.1	NZ_SMAL01000001.1	69685	76900	6.1201	0	1	1	1	0	1	1	122	(1, 1, 1, 1)	(3, 2, 1, 0)	GCF_004342165.1.fasta.gz	NZ_SMAL01000001.1|69685|76900	dereplication_representative
GCF_004364155.1	NZ_SOAZ01000034.1	963	7442	6.1718	1	1	0	1	1	0	0	124	(-1, -1, -1, -1)	(3, 2, 1, 0)	GCF_004364155.1.fasta.gz	NZ_SOAZ01000034.1|963|7442	dereplication_representative
GCF_009910325.1	NZ_SUMG01000014.1	9601	16102	10.2165	1	1	0	1	1	1	1	141	(-1, -1, -1, -1, -1, -1)	(5, 4, 3, 2, 1, 0)	GCF_009910325.1.fasta.gz	NZ_SUMG01000014.1|9601|16102	dereplication_representative
GCF_900461065.1	NZ_UAVV01000002.1	573262	580087	10.1935	1	1	1	1	0	1	1	377	(1, 1, 1, 1, 1, 1)	(5, 4, 3, 2, 1, 0)	GCF_900461065.1.fasta.gz	NZ_UAVV01000002.1|573262|580087	dereplication_representative
GCF_900447155.1	NZ_UFWX01000001.1	3451796	3458909	10.1942	1	1	1	1	0	1	2	376	(-1, -1, -1, -1, -1, -1)	(7, 6, 5, 4, 3, 2)	GCF_900447155.1.fasta.gz	NZ_UFWX01000001.1|3451796|3458909	dereplication_representative
GCF_900461105.1	NZ_UFWZ01000001.1	1897407	1904322	7.1869	1	1	0	1	0	1	2	378	(-1, -1, -1, -1, -1)	(5, 4, 3, 2, 1)	GCF_900461105.1.fasta.gz	NZ_UFWZ01000001.1|1897407|1904322	dereplication_representative
GCF_900562175.1	NZ_UOGO01000001.1	466703	471070	4.1383	1	1	0	1	0	0	0	380	(-1, -1, -1)	(2, 1, 0)	GCF_900562175.1.fasta.gz	NZ_UOGO01000001.1|466703|471070	dereplication_representative
GCF_900626075.1	NZ_UYZY01000004.1	500078	504846	3.1101	0	1	0	1	0	1	1	382	(1, 1, 1)	(2, 1, 0)	GCF_900626075.1.fasta.gz	NZ_UYZY01000004.1|500078|504846	dereplication_representative
GCF_900626095.1	NZ_UYZZ01000002.1	278796	285916	5.1567	1	1	0	1	0	0	1	383	(-1, -1, -1, -1)	(3, 2, 1, 0)	GCF_900626095.1.fasta.gz	NZ_UYZZ01000002.1|278796|285916	dereplication_representative
GCF_006714885.1	NZ_VFMF01000001.1	361554	366367	7.1326	1	1	1	1	0	0	0	130	(-1, -1, -1, -1)	(3, 2, 1, 0)	GCF_006714885.1.fasta.gz	NZ_VFMF01000001.1|361554|366367	dereplication_representative
GCF_008274215.1	NZ_VTPS01000001.1	192333	198746	8.1733	0	1	0	1	1	1	1	134	(-1, -1, -1, -1, -1)	(4, 3, 2, 1, 0)	GCF_008274215.1.fasta.gz	NZ_VTPS01000001.1|192333|198746	dereplication_representative
GCF_009696465.1	NZ_VULX01000001.1	5530	12427	7.1797	1	1	0	1	0	1	1	139	(1, 1, 1, 1, 1)	(4, 3, 2, 1, 0)	GCF_009696465.1.fasta.gz	NZ_VULX01000001.1|5530|12427	dereplication_representative
GCF_009696145.1	NZ_VUMO01000001.1	187882	192110	7.1425	1	1	1	1	0	0	0	138	(1, 1, 1, 1)	(3, 2, 1, 0)	GCF_009696145.1.fasta.gz	NZ_VUMO01000001.1|187882|192110	dereplication_representative
GCF_009696045.1	NZ_VUMT01000028.1	12560	21282	3.1131	0	1	0	1	0	1	1	137	(-1, -1, -1)	(2, 1, 0)	GCF_009696045.1.fasta.gz	NZ_VUMT01000028.1|12560|21282	dereplication_representative
GCF_009362815.1	NZ_WHNX01000002.1	204662	213214	10.2124	1	1	1	1	0	1	2	136	(1, 1, 1, 1, 1, 1)	(5, 4, 3, 2, 1, 0)	GCF_009362815.1.fasta.gz	NZ_WHNX01000002.1|204662|213214	dereplication_representative
GCF_014284395.1	NZ_WJBB01000011.1	83651	87827	7.146	1	1	1	1	0	0	0	160	(1, 1, 1, 1)	(3, 2, 1, 0)	GCF_014284395.1.fasta.gz	NZ_WJBB01000011.1|83651|87827	dereplication_representative
GCF_014284475.1	NZ_WJBC01000033.1	189	3560	5.1059	0	1	1	1	0	0	0	161	(1, 1, 1)	(2, 1, 0)	GCF_014284475.1.fasta.gz	NZ_WJBC01000033.1|189|3560	dereplication_representative
GCF_014284495.1	NZ_WJBE01000008.1	87058	91357	7.1437	1	1	1	1	0	0	0	162	(1, 1, 1, 1)	(3, 2, 1, 0)	GCF_014284495.1.fasta.gz	NZ_WJBE01000008.1|87058|91357	dereplication_representative
GCF_009765695.1	NZ_WSLF01000005.1	52913	62411	10.1962	1	1	1	1	0	1	1	140	(1, 1, 1, 1, 1, 1)	(5, 4, 3, 2, 1, 0)	GCF_009765695.1.fasta.gz	NZ_WSLF01000005.1|52913|62411	dereplication_representative
