Organism	Scaffold	Start	End	Score	ctg16_37	ctg16_38	ctg16_39	ctg16_40	ctg16_41	ctg16_42	ctg16_43	Number	Strand	Layout_group	representative	dereplication_status	Start_x	Start_y	End_x	End_y	Start_bin	End_bin	Interval_bin	Start_drep	End_drep	Interval_drep
GCF_000016505.1	NC_009706.1	3198323.0	3205324.0	9391.0	1	1	0	1	0	1	1	197	(-1, -1, -1, -1, -1)	(4, 3, 2, 1, 0)	NC_009706.1:3193323-3210324	dereplication_representative										
GCF_000018325.1	NC_009922.1	1819042.0	1824364.0	8160.0	1	1	0	1	1	0	0	222	(-1, -1, -1, -1)	(3, 2, 1, 0)	NC_009922.1:1814042-1829364	dereplication_representative										
GCF_000019065.1	NC_010320.1	1489001.0	1496313.0	10924.0	1	1	0	1	1	1	1	36	(1, 1, 1, 1, 1, 1)	(5, 4, 3, 2, 1, 0)	NC_010320.1:1484001-1501313	dereplication_representative										
GCF_000018425.1	NC_010424.1	1417436.0	1434038.0	6386.0	0	1	0	2	0	1	1	270	(-1, -1, -1, -1, -1)	(4, 3, 2, 1, 0)	NC_010424.1:1412436-1439038	dereplication_representative										
GCF_000020005.1	NC_010718.1	1852974.0	1858849.0	6242.0	1	1	0	1	0	0	0	298	(-1, -1, -1)	(2, 1, 0)	NC_010718.1:1847974-1863849	dereplication_representative										
GCF_000022065.1	NC_011898.1	616871.0	624663.0	10429.0	1	1	0	1	1	1	1	50	(1, 1, 1, 1, 1, 1)	(5, 4, 3, 2, 1, 0)	NC_011898.1:611871-629663	dereplication_representative										
GCF_000025645.1	NC_013921.1	1062801.0	1070115.0	10952.0	1	1	0	1	1	1	1	34	(1, 1, 1, 1, 1, 1)	(5, 4, 3, 2, 1, 0)	NC_013921.1:1057801-1075115	dereplication_representative										
GCF_000145275.1	NC_014393.1	2478182.0	2485341.0	9248.0	1	1	0	1	0	1	1	210	(-1, -1, -1, -1, -1)	(4, 3, 2, 1, 0)	NC_014393.1:2473182-2490341	dereplication_representative										
GCF_000213255.1	NC_015520.1	958050.0	963860.0	7911.0	0	1	0	1	0	1	1	229	(1, 1, 1, 1)	(3, 2, 1, 0)	NC_015520.1:953050-968860	dereplication_representative										
GCF_000189775.2	NC_015555.1	1478768.0	1489465.0	9900.0	1	1	0	1	0	1	1	75	(-1, -1, -1, -1, -1)	(4, 3, 2, 1, 0)	NC_015555.1:1473768-1494465	dereplication_representative										
GCF_000237085.1	NC_016627.1	2438094.0	2442626.0	5196.0	0	0	0	1	0	1	1	381	(-1, -1, -1)	(2, 1, 0)	NC_016627.1:2433094-2447626	dereplication_representative										
GCF_000247605.1	NC_016894.1	1518939.0	1523141.0	6561.0	1	1	0	1	0	0	0	265	(1, 1, 1)	(2, 1, 0)	NC_016894.1:1513939-1528141	dereplication_representative										
GCF_000307585.2	NC_017992.1	1754452.0	1761295.0	9865.0	1	1	0	1	0	1	1	77	(1, 1, 1, 1, 1)	(4, 3, 2, 1, 0)	NC_017992.1:1749452-1766295	dereplication_representative										
GCF_036763025.1	NZ_JBAIYY010000001.1	17954.0	24803.0	9881.0	1	1	0	1	0	1	1	76	(-1, -1, -1, -1, -1)	(4, 3, 2, 1, 0)	NC_017992.1:1749452-1766295	redundant										
GCF_028895185.1	NZ_JAEUWW010000001.1	897469.0	904313.0	9932.0	1	1	0	1	0	1	1	72	(-1, -1, -1, -1, -1)	(4, 3, 2, 1, 0)	NC_017992.1:1749452-1766295	redundant										
GCF_000389635.1	NC_021182.1	2343623.0	2350770.0	9450.0	1	1	0	1	0	1	1	172	(1, 1, 1, 1, 1)	(4, 3, 2, 1, 0)	NC_021182.1:2338623-2355770	dereplication_representative										
GCF_000169255.2	NZ_AAXG02000012.1	158845.0	168475.0	6278.0	1	1	0	1	0	0	0	285	(-1, -1, -1)	(2, 1, 0)	NZ_AAXG02000012.1:153845-173475	dereplication_representative										
GCF_000300195.1	NZ_AMQH01000006.1	374099.0	381023.0	9612.0	1	1	0	1	0	1	1	88	(-1, -1, -1, -1, -1)	(4, 3, 2, 1, 0)	NZ_AMQH01000006.1:369099-386023	dereplication_representative										
GCF_014218335.1	NZ_AP023367.1	1231730.0	1239141.0	5819.0	0	1	0	1	0	1	0	372	(1, 1, 1)	(2, 1, 0)	NZ_AP023367.1:1226730-1244141	dereplication_representative										
GCF_016591975.1	NZ_AP024169.1	1429390.0	1436782.0	5944.0	0	1	0	1	0	1	0	346	(1, 1, 1)	(2, 1, 0)	NZ_AP024169.1:1424390-1441782	dereplication_representative										
GCF_047150065.1	NZ_AP027090.1	2744870.0	2751367.0	9511.0	1	1	0	1	0	1	1	126	(-1, -1, -1, -1, -1)	(4, 3, 2, 1, 0)	NZ_AP027090.1:2739870-2756367	dereplication_representative										
GCF_002355795.1	NZ_AP017630.1	2264092.0	2270589.0	9513.0	1	1	0	1	0	1	1	125	(-1, -1, -1, -1, -1)	(4, 3, 2, 1, 0)	NZ_AP027090.1:2739870-2756367	redundant										
GCF_033097505.1	NZ_AP028654.1	1680102.0	1687185.0	11792.0	1	1	0	1	1	1	1	6	(-1, -1, -1, -1, -1, -1)	(5, 4, 3, 2, 1, 0)	NZ_AP028654.1:1675102-1692185	dereplication_representative										
GCF_042848755.1	NZ_AP031438.1	1471174.0	1476774.0	6253.0	1	1	0	1	0	0	0	291	(-1, -1, -1)	(2, 1, 0)	NZ_AP031438.1:1466174-1481774	dereplication_representative										
GCF_045865195.1	NZ_AP031606.1	2267635.0	2274793.0	9565.0	1	1	0	1	0	1	1	103	(-1, -1, -1, -1, -1)	(4, 3, 2, 1, 0)	NZ_AP031606.1:2262635-2279793	dereplication_representative										
GCF_000421965.1	NZ_ATAY01000011.1	6298.0	14002.0	10281.0	1	1	0	1	1	1	1	57	(1, 1, 1, 1, 1, 1)	(5, 4, 3, 2, 1, 0)	NZ_ATAY01000011.1:1298-19002	dereplication_representative										
GCF_029318685.1	NZ_CP119677.1	1795576.0	1803326.0	10429.0	1	1	0	1	1	1	1	51	(1, 1, 1, 1, 1, 1)	(5, 4, 3, 2, 1, 0)	NZ_ATAY01000011.1:1298-19002	redundant										
GCF_000244875.1	NC_016791.1	1824208.0	1831968.0	10399.0	1	1	0	1	1	1	1	53	(1, 1, 1, 1, 1, 1)	(5, 4, 3, 2, 1, 0)	NZ_ATAY01000011.1:1298-19002	redundant										
GCF_039521365.1	NZ_BAAACF010000012.1	203400.0	210257.0	7716.0	1	1	0	1	0	0	1	245	(-1, -1, -1, -1)	(3, 2, 1, 0)	NZ_BAAACF010000012.1:198400-215257	dereplication_representative										
GCF_039521565.1	NZ_BAAACP010000006.1	140604.0	146307.0	7807.0	1	1	0	1	1	0	0	242	(1, 1, 1, 1)	(3, 2, 1, 0)	NZ_BAAACP010000006.1:135604-151307	dereplication_representative										
GCF_042845895.1	NZ_BAABYN010000001.1	2990959.0	2997730.0	5937.0	0	1	0	1	0	1	0	349	(-1, -1, -1)	(2, 1, 0)	NZ_BAABYN010000001.1:2985959-3002730	dereplication_representative										
GCF_042848345.1	NZ_BAABZE010000001.1	5323325.0	5328070.0	6004.0	0	1	0	1	0	1	0	328	(-1, -1, -1)	(2, 1, 0)	NZ_BAABZE010000001.1:5318325-5333070	dereplication_representative										
GCF_027696135.1	NZ_JAQETU010000021.1	46809.0	51554.0	6024.0	0	1	0	1	0	1	0	324	(-1, -1, -1)	(2, 1, 0)	NZ_BAABZE010000001.1:5318325-5333070	redundant										
GCF_042846325.1	NZ_BAABZG010000001.1	2210185.0	2221081.0	6258.0	1	1	0	1	0	0	0	289	(1, 1, 1)	(2, 1, 0)	NZ_BAABZG010000001.1:2205185-2226081	dereplication_representative										
GCF_001311925.1	NZ_BBCG01000019.1	17620.0	21498.0	4922.0	0	0	0	1	0	1	1	396	(-1, -1, -1)	(2, 1, 0)	NZ_BBCG01000019.1:12620-26498	dereplication_representative										
GCF_001748365.1	NZ_BDHH01000005.1		8565.0	7626.0	0	0	0	1	1	1	1	247	(1, 1, 1, 1)	(3, 2, 1, 0)	NZ_BDHH01000005.1:1-13565	dereplication_representative	4494.0	1.0								
GCF_002724055.1	NZ_BDQY01000002.1	57404.0	65369.0	11144.0	1	1	0	1	1	1	1	31	(1, 1, 1, 1, 1, 1)	(5, 4, 3, 2, 1, 0)	NZ_BDQY01000002.1:52404-70369	dereplication_representative										
GCF_017312485.1	NZ_BMBA01000001.1	1204040.0	1210812.0	9452.0	1	1	0	1	0	1	1	168	(-1, -1, -1, -1, -1)	(4, 3, 2, 1, 0)	NZ_BMBA01000001.1:1199040-1215812	dereplication_representative										
GCF_014193895.1	NZ_BLZR01000001.1	3256981.0	3263758.0	9466.0	1	1	0	1	0	1	1	151	(-1, -1, -1, -1, -1)	(4, 3, 2, 1, 0)	NZ_BMBA01000001.1:1199040-1215812	redundant										
GCF_016595795.1	NZ_JAENHN010000006.1	91272.0	98052.0	9459.0	1	1	0	1	0	1	1	157	(-1, -1, -1, -1, -1)	(4, 3, 2, 1, 0)	NZ_BMBA01000001.1:1199040-1215812	redundant										
GCF_018332455.1	NZ_BOPZ01000008.1	44701.0	51714.0	9545.0	1	1	0	1	0	1	1	110	(1, 1, 1, 1, 1)	(4, 3, 2, 1, 0)	NZ_BOPZ01000008.1:39701-56714	dereplication_representative										
GCF_022834975.1	NZ_BQNK01000001.1	1171699.0	1176472.0	6028.0	0	1	0	1	0	1	0	323	(1, 1, 1)	(2, 1, 0)	NZ_BQNK01000001.1:1166699-1181472	dereplication_representative										
GCF_024341925.1	NZ_BQXZ01000002.1	837867.0	844644.0	9433.0	1	1	0	1	0	1	1	178	(1, 1, 1, 1, 1)	(4, 3, 2, 1, 0)	NZ_BQXZ01000002.1:832867-849644	dereplication_representative										
GCF_024345225.1	NZ_BROD01000001.1	1375321.0	1382172.0	9423.0	1	1	0	1	0	1	1	187	(1, 1, 1, 1, 1)	(4, 3, 2, 1, 0)	NZ_BROD01000001.1:1370321-1387172	dereplication_representative										
GCF_039545435.1	NZ_BRPJ01000046.1	21987.0	26755.0	5952.0	0	1	0	1	0	1	0	341	(-1, -1, -1)	(2, 1, 0)	NZ_BRPJ01000046.1:16987-31755	dereplication_representative										
GCF_902143515.1	NZ_CABFVD010000001.1	114358.0	121386.0	9521.0	1	1	0	1	0	1	1	121	(-1, -1, -1, -1, -1)	(4, 3, 2, 1, 0)	NZ_CABFVD010000001.1:109358-126386	dereplication_representative										
GCF_902374755.1	NZ_CABKRL010000001.1	762143.0	769229.0	9405.0	1	1	0	1	0	1	1	192	(-1, -1, -1, -1, -1)	(4, 3, 2, 1, 0)	NZ_CABKRL010000001.1:757143-774229	dereplication_representative										
GCF_010692705.1	NZ_JAAGPU010000003.1	70116.0	77211.0	9434.0	1	1	0	1	0	1	1	176	(-1, -1, -1, -1, -1)	(4, 3, 2, 1, 0)	NZ_CABKRL010000001.1:757143-774229	redundant										
GCF_902375375.1	NZ_CABKTN010000007.1	926951.0	933826.0	9628.0	1	1	0	1	0	1	1	84	(-1, -1, -1, -1, -1)	(4, 3, 2, 1, 0)	NZ_CABKTN010000007.1:921951-938826	dereplication_representative										
GCF_902376185.1	NZ_CABKWO010000005.1	1115119.0	1121623.0	9413.0	1	1	0	1	0	1	1	191	(1, 1, 1, 1, 1)	(4, 3, 2, 1, 0)	NZ_CABKWO010000005.1:1110119-1126623	dereplication_representative										
GCF_902377545.1	NZ_CABLCB010000083.1	376971.0	383904.0	9399.0	1	1	0	1	0	1	1	194	(1, 1, 1, 1, 1)	(4, 3, 2, 1, 0)	NZ_CABLCB010000083.1:371971-388904	dereplication_representative										
GCF_902386815.1	NZ_CABMKD010000012.1	1599551.0	1605064.0	6218.0	1	1	0	1	0	0	0	305	(-1, -1, -1)	(2, 1, 0)	NZ_CABMKD010000012.1:1594551-1610064	dereplication_representative										
GCF_902386895.1	NZ_CABMKL010000001.1	2240290.0	2244987.0	5951.0	0	1	0	1	0	1	0	342	(1, 1, 1)	(2, 1, 0)	NZ_CABMKL010000001.1:2235290-2249987	dereplication_representative										
GCF_902386975.1	NZ_CABMKM010000004.1	597220.0	602040.0	6291.0	1	1	0	1	0	0	0	282	(-1, -1, -1)	(2, 1, 0)	NZ_CABMKM010000004.1:592220-607040	dereplication_representative										
GCF_943192995.1	NZ_CALPCP010000015.1	57561.0	64144.0	6246.0	1	1	0	1	0	0	0	296	(-1, -1, -1)	(2, 1, 0)	NZ_CALPCP010000015.1:52561-69144	dereplication_representative										
GCF_943193115.1	NZ_CALPCY010000007.1	93434.0	98187.0	5803.0	0	1	0	1	0	1	0	374	(-1, -1, -1)	(2, 1, 0)	NZ_CALPCY010000007.1:88434-103187	dereplication_representative										
GCF_943736985.1	NZ_CALSFS010000005.1	9922.0	17030.0	9551.0	1	1	0	1	0	1	1	107	(-1, -1, -1, -1, -1)	(4, 3, 2, 1, 0)	NZ_CALSFS010000005.1:4922-22030	dereplication_representative										
GCF_947381515.1	NZ_CANCWE010000007.1	108409.0	115488.0	9516.0	1	1	0	1	0	1	1	124	(-1, -1, -1, -1, -1)	(4, 3, 2, 1, 0)	NZ_CANCWE010000007.1:103409-120488	dereplication_representative										
GCF_947568225.1	NZ_CANOOQ010000001.1	853204.0	858025.0	6301.0	1	1	0	1	0	0	0	280	(1, 1, 1)	(2, 1, 0)	NZ_CANOOQ010000001.1:848204-863025	dereplication_representative										
GCF_964238185.1	NZ_CAXSLG010000003.1	94100.0	98820.0	5984.0	0	1	0	1	0	1	0	334	(-1, -1, -1)	(2, 1, 0)	NZ_CAXSLG010000003.1:89100-103820	dereplication_representative										
GCF_964246085.1	NZ_CAXTPD010000001.1	156446.0	161134.0	5885.0	0	1	0	1	0	1	0	366	(1, 1, 1)	(2, 1, 0)	NZ_CAXTPD010000001.1:151446-166134	dereplication_representative										
GCF_964259345.1	NZ_CAXVJR010000007.1	17308.0	23009.0	7880.0	1	1	0	1	1	0	0	233	(-1, -1, -1, -1)	(3, 2, 1, 0)	NZ_CAXVJR010000007.1:12308-28009	dereplication_representative										
GCF_900002825.1	NZ_CDAA01000001.1	3201790.0	3208239.0	7860.0	1	1	0	1	1	0	0	238	(-1, -1, -1, -1)	(3, 2, 1, 0)	NZ_CDAA01000001.1:3196790-3213239	dereplication_representative										
GCF_024723825.1	NZ_JANQBQ010000001.1	1921015.0	1927465.0	7876.0	1	1	0	1	1	0	0	235	(-1, -1, -1, -1)	(3, 2, 1, 0)	NZ_CDAA01000001.1:3196790-3213239	redundant										
GCF_027853495.1	NZ_JAPNNV010000006.1	22583.0	29035.0	7878.0	1	1	0	1	1	0	0	234	(-1, -1, -1, -1)	(3, 2, 1, 0)	NZ_CDAA01000001.1:3196790-3213239	redundant										
GCF_000709435.1	NZ_CP008713.1	935677.0	944256.0	9281.0	1	1	0	1	0	1	1	209	(-1, -1, -1, -1, -1)	(4, 3, 2, 1, 0)	NZ_CP008713.1:930677-949256	dereplication_representative										
GCF_001042715.1	NZ_CP009687.1	1790987.0	1798651.0	11310.0	1	1	0	1	1	1	1	19	(1, 1, 1, 1, 1, 1)	(5, 4, 3, 2, 1, 0)	NZ_CP009687.1:1785987-1803651	dereplication_representative										
GCF_000968375.1	NZ_CP009933.1	5274198.0	5281298.0	9462.0	1	1	0	1	0	1	1	154	(1, 1, 1, 1, 1)	(4, 3, 2, 1, 0)	NZ_CP009933.1:5269198-5286298	dereplication_representative										
GCF_003096175.1	NZ_CP020953.1	4661854.0	4668955.0	9477.0	1	1	0	1	0	1	1	145	(-1, -1, -1, -1, -1)	(4, 3, 2, 1, 0)	NZ_CP009933.1:5269198-5286298	redundant										
GCF_001038625.1	NZ_CP011803.1	3836070.0	3843170.0	9495.0	1	1	0	1	0	1	1	132	(-1, -1, -1, -1, -1)	(4, 3, 2, 1, 0)	NZ_CP009933.1:5269198-5286298	redundant										
GCF_033561535.1	NZ_CP131467.1	5560724.0	5567835.0	9479.0	1	1	0	1	0	1	1	143	(-1, -1, -1, -1, -1)	(4, 3, 2, 1, 0)	NZ_CP009933.1:5269198-5286298	redundant										
GCF_001886775.1	NZ_CP013242.1		6818.0	7434.0	0	1	0	1	0	1	1	251	(1, 1, 1, 1)	(3, 2, 1, 0)	NZ_CP013242.1:1-11818	dereplication_representative	772.0	1.0								
GCF_001889365.1	NZ_CP013296.1	559240.0	566367.0	9506.0	1	1	0	1	0	1	1	129	(-1, -1, -1, -1, -1)	(4, 3, 2, 1, 0)	NZ_CP013242.1:1-11818	readded_by_content										
GCF_900447155.1	NZ_UFWX01000001.1	3451797.0	3458909.0	9457.0	1	1	0	1	0	1	1	162	(-1, -1, -1, -1, -1)	(4, 3, 2, 1, 0)	NZ_CP013242.1:1-11818	redundant										
GCF_002074155.1	NZ_CP014176.1	1737288.0	1744391.0	9546.0	1	1	0	1	0	1	1	109	(1, 1, 1, 1, 1)	(4, 3, 2, 1, 0)	NZ_CP014176.1:1732288-1749391	dereplication_representative										
GCF_001697285.1	NZ_CP014673.1	2436851.0	2440592.0	5079.0	0	0	0	1	0	1	1	392	(-1, -1, -1)	(2, 1, 0)	NZ_CP014673.1:2431851-2445592	dereplication_representative										
GCF_001750685.1	NZ_CP017269.1	5667732.0	5675251.0	11615.0	1	1	0	1	1	1	1	12	(1, 1, 1, 1, 1, 1)	(5, 4, 3, 2, 1, 0)	NZ_CP017269.1:5662732-5680251	dereplication_representative										
GCF_001854185.1	NZ_CP017603.1	3131769.0	3139393.0	11318.0	1	1	0	1	1	1	1	18	(1, 1, 1, 1, 1, 1)	(5, 4, 3, 2, 1, 0)	NZ_CP017603.1:3126769-3144393	dereplication_representative										
GCF_002874775.1	NZ_CP020991.1	2609584.0	2614848.0	5140.0	0	0	0	1	0	1	1	385	(1, 1, 1)	(2, 1, 0)	NZ_CP020991.1:2604584-2619848	dereplication_representative										
GCF_002896855.1	NZ_CP021850.1	1708364.0	1718559.0	9623.0	1	1	0	1	0	1	1	85	(1, 1, 1, 1, 1)	(4, 3, 2, 1, 0)	NZ_CP021850.1:1703364-1723559	dereplication_representative										
GCF_003047205.1	NZ_CP028491.1	2282911.0	2297684.0	7907.0	1	1	0	1	0	1	1	230	(-1, -1, -1, -1, -1)	(4, 3, 2, 1, 0)	NZ_CP028491.1:2277911-2302684	dereplication_representative										
GCF_003254825.1	NZ_CP030018.1	880844.0	888029.0	9458.0	1	1	0	1	0	1	1	158	(1, 1, 1, 1, 1)	(4, 3, 2, 1, 0)	NZ_CP030018.1:875844-893029	dereplication_representative										
GCF_003600355.1	NZ_CP032416.1	963496.0	970397.0	9491.0	1	1	0	1	0	1	1	135	(1, 1, 1, 1, 1)	(4, 3, 2, 1, 0)	NZ_CP032416.1:958496-975397	dereplication_representative										
GCF_008807835.1	NZ_CP032452.1	2758014.0	2763712.0	7870.0	1	1	0	1	1	0	0	237	(1, 1, 1, 1)	(3, 2, 1, 0)	NZ_CP032452.1:2753014-2768712	dereplication_representative										
GCF_003718715.1	NZ_CP033465.1	2012669.0	2019681.0	9430.0	1	1	0	1	0	1	1	182	(-1, -1, -1, -1, -1)	(4, 3, 2, 1, 0)	NZ_CP033465.1:2007669-2024681	dereplication_representative										
GCF_004103695.1	NZ_CP035280.1	852020.0	858861.0	9607.0	1	1	0	1	0	1	1	89	(1, 1, 1, 1, 1)	(4, 3, 2, 1, 0)	NZ_CP035280.1:847020-863861	dereplication_representative										
GCF_006016075.1	NZ_CP040093.1	616298.0	623137.0	9967.0	1	1	0	1	0	1	1	68	(-1, -1, -1, -1, -1)	(4, 3, 2, 1, 0)	NZ_CP040093.1:611298-628137	dereplication_representative										
GCF_005886215.1	NZ_CP040506.1	4444085.0	4448800.0	6014.0	0	1	0	1	0	1	0	326	(1, 1, 1)	(2, 1, 0)	NZ_CP040506.1:4439085-4453800	dereplication_representative										
GCF_006351925.1	NZ_CP040924.1	1662211.0	1669073.0	9506.0	1	1	0	1	0	1	1	128	(1, 1, 1, 1, 1)	(4, 3, 2, 1, 0)	NZ_CP040924.1:1657211-1674073	dereplication_representative										
GCF_008152325.1	NZ_CP042243.1	1379749.0	1387241.0	11775.0	1	1	0	1	1	1	1	7	(1, 1, 1, 1, 1, 1)	(5, 4, 3, 2, 1, 0)	NZ_CP042243.1:1374749-1392241	dereplication_representative										
GCF_022539405.1	NZ_CP054394.1	1661750.0	1667083.0	6213.0	1	1	0	1	0	0	0	308	(-1, -1, -1)	(2, 1, 0)	NZ_CP054394.1:1656750-1672083	dereplication_representative										
GCF_014467015.1	NZ_CP058559.1	2764531.0	2783262.0	10057.0	1	1	0	1	1	1	1	64	(1, 1, 1, -1, 1, 1)	(5, 4, 3, 2, 1, 0)	NZ_CP058559.1:2759531-2788262	dereplication_representative										
GCF_018141425.1	NZ_CP058561.1	4799268.0	4806533.0	6001.0	0	1	0	1	0	1	0	330	(1, 1, 1)	(2, 1, 0)	NZ_CP058561.1:4794268-4811533	dereplication_representative										
GCF_018141405.1	NZ_CP058648.1	2755756.0	2765846.0	10448.0	1	1	0	1	0	1	1	48	(-1, -1, -1, -1, -1)	(4, 3, 2, 1, 0)	NZ_CP058648.1:2750756-2770846	dereplication_representative										
GCF_018141445.1	NZ_CP058649.1	3813729.0	3822702.0	6109.0	0	1	0	1	0	1	0	317	(-1, -1, -1)	(2, 1, 0)	NZ_CP058649.1:3808729-3827702	dereplication_representative										
GCF_013781885.1	NZ_CP059378.1	3021409.0	3028355.0	9440.0	1	1	0	1	0	1	1	174	(-1, -1, -1, -1, -1)	(4, 3, 2, 1, 0)	NZ_CP059378.1:3016409-3033355	dereplication_representative										
GCF_035905475.1	NZ_CP121166.1	1916554.0	1923637.0	9457.0	1	1	0	1	0	1	1	161	(-1, -1, -1, -1, -1)	(4, 3, 2, 1, 0)	NZ_CP059378.1:3016409-3033355	redundant										
GCF_017357865.1	NZ_CP060096.1	1523723.0	1530520.0	10005.0	1	1	0	1	0	1	1	66	(-1, -1, -1, -1, -1)	(4, 3, 2, 1, 0)	NZ_CP060096.1:1518723-1535520	dereplication_representative										
GCF_014303955.1	NZ_CP060286.1	550054.0	554812.0	6307.0	1	1	0	1	0	0	0	278	(-1, -1, -1)	(2, 1, 0)	NZ_CP060286.1:545054-559812	dereplication_representative										
GCF_014467055.1	NZ_CP060696.1	1179204.0	1189289.0	3164.0	0	0	0	1	0	1	1	400	(1, 1, -1)	(5, 4, 3)	NZ_CP060696.1:1174204-1194289	dereplication_representative										
GCF_014467055.1	NZ_CP060696.1	1391879.0	1396903.0	6328.0	1	1	0	1	0	0	0	274	(-1, -1, -1)	(2, 1, 0)	NZ_CP060696.1:1386879-1401903	dereplication_representative										
GCF_005473905.2	NZ_CP061336.1	2630868.0	2639200.0	10406.0	1	1	0	1	1	1	1	52	(-1, -1, -1, -1, -1, -1)	(5, 4, 3, 2, 1, 0)	NZ_CP061336.1:2625868-2644200	dereplication_representative										
GCF_016071375.1	NZ_CP063816.1	1307198.0	1314043.0	9468.0	1	1	0	1	0	1	1	150	(-1, -1, -1, -1, -1)	(4, 3, 2, 1, 0)	NZ_CP063816.1:1302198-1319043	dereplication_representative										
GCF_017100085.1	NZ_CP063965.1	1604869.0	1611719.0	9447.0	1	1	0	1	0	1	1	173	(-1, -1, -1, -1, -1)	(4, 3, 2, 1, 0)	NZ_CP063816.1:1302198-1319043	redundant										
GCF_000204565.1	NC_015425.1	1172810.0	1179660.0	9452.0	1	1	0	1	0	1	1	167	(1, 1, 1, 1, 1)	(4, 3, 2, 1, 0)	NZ_CP063816.1:1302198-1319043	redundant										
GCF_016906045.1	NZ_CP070235.1	2933123.0	2937987.0	5934.0	0	1	0	1	0	1	0	350	(-1, -1, -1)	(2, 1, 0)	NZ_CP070235.1:2928123-2942987	dereplication_representative										
GCF_020911725.1	NZ_CP076620.1	1533044.0	1539918.0	8254.0	1	1	0	1	0	1	0	219	(1, 1, 1, 1)	(3, 2, 1, 0)	NZ_CP076620.1:1528044-1544918	dereplication_representative										
GCF_019203185.1	NZ_CP078093.1	2373195.0	2380631.0	11643.0	1	1	0	1	1	1	1	11	(1, 1, 1, 1, 1, 1)	(5, 4, 3, 2, 1, 0)	NZ_CP078093.1:2368195-2385631	dereplication_representative										
GCF_020736365.1	NZ_CP085988.1	3385709.0	3390627.0	6003.0	0	1	0	1	0	1	0	329	(-1, -1, -1)	(2, 1, 0)	NZ_CP085988.1:3380709-3395627	dereplication_representative										
GCF_026650965.1	NZ_CP086237.1	4457510.0	4464406.0	9451.0	1	1	0	1	0	1	1	170	(1, 1, 1, 1, 1)	(4, 3, 2, 1, 0)	NZ_CP086237.1:4452510-4469406	dereplication_representative										
GCF_018861905.1	NZ_JAHLDU010000010.1	78708.0	85605.0	9402.0	1	1	0	1	0	1	1	193	(1, 1, 1, 1, 1)	(4, 3, 2, 1, 0)	NZ_CP086237.1:4452510-4469406	readded_by_score										
GCF_018861865.1	NZ_JAHLDV010000003.1	81880.0	88776.0	9483.0	1	1	0	1	0	1	1	141	(-1, -1, -1, -1, -1)	(4, 3, 2, 1, 0)	NZ_CP086237.1:4452510-4469406	redundant										
GCF_018861795.1	NZ_JAHLDR010000001.1	341035.0	347932.0	9481.0	1	1	0	1	0	1	1	142	(1, 1, 1, 1, 1)	(4, 3, 2, 1, 0)	NZ_CP086237.1:4452510-4469406	redundant										
GCF_020443575.1	NZ_JAIZZY010000004.1	211524.0	218421.0	9471.0	1	1	0	1	0	1	1	147	(1, 1, 1, 1, 1)	(4, 3, 2, 1, 0)	NZ_CP086237.1:4452510-4469406	redundant										
GCF_026650925.1	NZ_CP086147.1	3237009.0	3243906.0	9461.0	1	1	0	1	0	1	1	155	(1, 1, 1, 1, 1)	(4, 3, 2, 1, 0)	NZ_CP086237.1:4452510-4469406	redundant										
GCF_026651005.1	NZ_CP086243.1	3602756.0	3609653.0	9455.0	1	1	0	1	0	1	1	163	(-1, -1, -1, -1, -1)	(4, 3, 2, 1, 0)	NZ_CP086237.1:4452510-4469406	redundant										
GCF_030585465.1	NZ_CP077615.1	3153519.0	3160416.0	9462.0	1	1	0	1	0	1	1	153	(-1, -1, -1, -1, -1)	(4, 3, 2, 1, 0)	NZ_CP086237.1:4452510-4469406	redundant										
GCF_030585505.1	NZ_CP077610.1	2266100.0	2272996.0	9454.0	1	1	0	1	0	1	1	165	(-1, -1, -1, -1, -1)	(4, 3, 2, 1, 0)	NZ_CP086237.1:4452510-4469406	redundant										
GCF_002006235.2	NZ_CP096988.1	220312.0	227472.0	9457.0	1	1	0	1	0	1	1	159	(1, 1, 1, 1, 1)	(4, 3, 2, 1, 0)	NZ_CP096988.1:215312-232472	dereplication_representative										
GCF_000364165.2	NZ_CP097810.1	1403400.0	1406973.0	5121.0	0	0	0	1	0	1	1	389	(1, 1, 1)	(2, 1, 0)	NZ_CP097810.1:1398400-1411973	dereplication_representative										
GCF_025146005.1	NZ_CP102254.1	995138.0	1003100.0	5906.0	0	1	0	1	0	1	0	361	(1, 1, 1)	(2, 1, 0)	NZ_CP102254.1:990138-1008100	dereplication_representative										
GCF_039789045.1	NZ_CP121164.1	891591.0	899555.0	5914.0	0	1	0	1	0	1	0	359	(1, 1, 1)	(2, 1, 0)	NZ_CP102254.1:990138-1008100	redundant										
GCF_026410065.1	NZ_CP112872.1	2472981.0	2480000.0	9491.0	1	1	0	1	0	1	1	136	(-1, -1, -1, -1, -1)	(4, 3, 2, 1, 0)	NZ_CP112872.1:2467981-2485000	dereplication_representative										
GCF_049200475.1	NZ_CP113903.1	3009706.0	3014189.0	6627.0	1	1	0	1	0	0	0	260	(-1, -1, -1)	(2, 1, 0)	NZ_CP113903.1:3004706-3019189	dereplication_representative										
GCF_029542625.1	NZ_CP120733.1	2709789.0	2717652.0	11242.0	1	1	0	1	1	1	1	25	(-1, -1, -1, -1, -1, -1)	(5, 4, 3, 2, 1, 0)	NZ_CP120733.1:2704789-2722652	dereplication_representative										
GCF_038396635.1	NZ_CP121687.1	1183831.0	1193135.0	9521.0	1	1	0	1	0	1	1	120	(-1, -1, -1, -1, -1)	(4, 3, 2, 1, 0)	NZ_CP121687.1:1178831-1198135	dereplication_representative										
GCF_037057455.1	NZ_CP124295.1	3110820.0	3116521.0	7881.0	1	1	0	1	1	0	0	232	(-1, -1, -1, -1)	(3, 2, 1, 0)	NZ_CP124295.1:3105820-3121521	dereplication_representative										
GCF_030013905.1	NZ_CP124862.1	5358736.0	5364164.0	6494.0	1	1	0	1	0	0	0	268	(1, 1, 1)	(2, 1, 0)	NZ_CP124862.1:5353736-5369164	dereplication_representative										
GCF_040267475.1	NZ_CP125628.1	4170540.0	4175303.0	5999.0	0	1	0	1	0	1	0	331	(-1, -1, -1)	(2, 1, 0)	NZ_CP125628.1:4165540-4180303	dereplication_representative										
GCF_030166575.1	NZ_CP126462.1	1779990.0	1787472.0	11693.0	1	1	0	1	1	1	1	9	(1, 1, 1, 1, 1, 1)	(5, 4, 3, 2, 1, 0)	NZ_CP126462.1:1774990-1792472	dereplication_representative										
GCF_030263895.1	NZ_CP127161.1	2343316.0	2350915.0	11145.0	1	1	0	1	1	1	1	30	(1, 1, 1, 1, 1, 1)	(5, 4, 3, 2, 1, 0)	NZ_CP127161.1:2338316-2355915	dereplication_representative										
GCF_030644385.1	NZ_CP130060.1	1443506.0	1448395.0	5849.0	0	1	0	1	0	1	0	371	(-1, -1, -1)	(2, 1, 0)	NZ_CP130060.1:1438506-1453395	dereplication_representative										
GCF_030534315.2	NZ_CP130558.2	2952099.0	2958942.0	9910.0	1	1	0	1	0	1	1	74	(1, 1, 1, 1, 1)	(4, 3, 2, 1, 0)	NZ_CP130558.2:2947099-2963942	dereplication_representative										
GCF_002250075.1	NZ_CP016893.1	2576894.0	2584228.0	10748.0	1	1	0	1	1	1	1	42	(1, 1, 1, 1, 1, 1)	(5, 4, 3, 2, 1, 0)	NZ_CP130558.2:2947099-2963942	readded_by_content										
GCF_017874545.1	NZ_JAGGLT010000024.1	25541.0	32384.0	9922.0	1	1	0	1	0	1	1	73	(1, 1, 1, 1, 1)	(4, 3, 2, 1, 0)	NZ_CP130558.2:2947099-2963942	redundant										
GCF_046529625.1	NZ_CP132338.1	911061.0	915054.0	5243.0	0	0	0	1	0	1	1	380	(1, 1, 1)	(2, 1, 0)	NZ_CP132338.1:906061-920054	dereplication_representative										
GCF_030913655.1	NZ_CP133189.1	707968.0	712719.0	6481.0	1	1	0	1	0	0	0	269	(1, 1, 1)	(2, 1, 0)	NZ_CP133189.1:702968-717719	dereplication_representative										
GCF_040267685.1	NZ_CP158367.1	851769.0	863553.0	10046.0	1	1	0	1	1	1	1	65	(1, 1, 1, -1, 1, 1)	(5, 4, 3, 2, 1, 0)	NZ_CP158367.1:846769-868553	dereplication_representative										
GCF_040515995.1	NZ_CP159485.1	2060243.0	2072285.0	10126.0	1	1	0	1	1	1	1	61	(-1, -1, 1, -1, -1, -1)	(5, 4, 3, 2, 1, 0)	NZ_CP159485.1:2055243-2077285	dereplication_representative										
GCF_023653455.2	NZ_CP161000.1	2804035.0	2809730.0	7838.0	1	1	0	1	1	0	0	241	(-1, -1, -1, -1)	(3, 2, 1, 0)	NZ_CP161000.1:2799035-2814730	dereplication_representative										
GCF_004803955.2	NZ_CP163137.1	2233374.0	2237871.0	5123.0	0	0	0	1	0	1	1	388	(-1, -1, -1)	(2, 1, 0)	NZ_CP163137.1:2228374-2242871	dereplication_representative										
GCF_045038935.1	NZ_CP171113.1	889552.0	896584.0	9316.0	1	1	0	1	0	1	1	206	(1, 1, 1, 1, 1)	(4, 3, 2, 1, 0)	NZ_CP171113.1:884552-901584	dereplication_representative										
GCF_044502415.1	NZ_CP172402.1	1941133.0	1947968.0	7617.0	1	1	0	1	0	0	1	248	(-1, -1, -1, -1)	(3, 2, 1, 0)	NZ_CP172402.1:1936133-1952968	dereplication_representative										
GCF_047456265.2	NZ_CP173187.2	2740151.0	2744353.0	6605.0	1	1	0	1	0	0	0	262	(-1, -1, -1)	(2, 1, 0)	NZ_CP173187.2:2735151-2749353	dereplication_representative										
GCF_046523925.1	NZ_CP174369.1	1554884.0	1559817.0	6316.0	1	1	0	1	0	0	0	276	(1, 1, 1)	(2, 1, 0)	NZ_CP174369.1:1549884-1564817	dereplication_representative										
GCF_041861885.3	NZ_CP175761.1	1358982.0	1365749.0	9530.0	1	1	0	1	0	1	1	115	(1, 1, 1, 1, 1)	(4, 3, 2, 1, 0)	NZ_CP175761.1:1353982-1370749	dereplication_representative										
GCF_046603775.1	NZ_CP176625.1	3466586.0	3470808.0	6692.0	1	1	0	1	0	0	0	257	(-1, -1, -1)	(2, 1, 0)	NZ_CP176625.1:3461586-3475808	dereplication_representative										
GCF_900683775.1	NZ_LR215983.1	3000409.0	3004636.0	6724.0	1	1	0	1	0	0	0	256	(-1, -1, -1)	(2, 1, 0)	NZ_CP176625.1:3461586-3475808	redundant										
GCF_002441855.2	NZ_CP029487.1	3965629.0	3969857.0	6749.0	1	1	0	1	0	0	0	254	(1, 1, 1)	(2, 1, 0)	NZ_CP176625.1:3461586-3475808	redundant										
GCF_048568315.1	NZ_CP183811.1	277729.0	283428.0	7946.0	1	1	0	1	1	0	0	227	(1, 1, 1, 1)	(3, 2, 1, 0)	NZ_CP183811.1:272729-288428	dereplication_representative										
GCF_031202285.1	NZ_CP101637.1	2474866.0	2480566.0	7948.0	1	1	0	1	1	0	0	225	(-1, -1, -1, -1)	(3, 2, 1, 0)	NZ_CP183811.1:272729-288428	redundant										
GCF_036812735.1	NZ_CP117523.1	3666489.0	3672189.0	7948.0	1	1	0	1	1	0	0	226	(-1, -1, -1, -1)	(3, 2, 1, 0)	NZ_CP183811.1:272729-288428	redundant										
GCF_001299475.1	NZ_CYUJ01000002.1	774043.0	778018.0	6730.0	1	1	0	1	0	0	0	255	(1, 1, 1)	(2, 1, 0)	NZ_CYUJ01000002.1:769043-783018	dereplication_representative										
GCF_900078395.1	NZ_FKLA01000009.1	1860070.0	1864784.0	6240.0	1	1	0	1	0	0	0	299	(1, 1, 1)	(2, 1, 0)	NZ_FKLA01000009.1:1855070-1869784	dereplication_representative										
GCF_900095445.1	NZ_FMJL01000002.1	121865.0	128823.0	9622.0	1	1	0	1	0	1	1	86	(1, 1, 1, 1, 1)	(4, 3, 2, 1, 0)	NZ_FMJL01000002.1:116865-133823	dereplication_representative										
GCF_900095725.1	NZ_FMMP01000006.1	335960.0	339737.0	5166.0	0	0	0	1	0	1	1	384	(1, 1, 1)	(2, 1, 0)	NZ_FMMP01000006.1:330960-344737	dereplication_representative										
GCF_900100845.1	NZ_FNFP01000002.1	447265.0	454799.0	11295.0	1	1	0	1	1	1	1	21	(-1, -1, -1, -1, -1, -1)	(5, 4, 3, 2, 1, 0)	NZ_FNFP01000002.1:442265-459799	dereplication_representative										
GCF_900103835.1	NZ_FNID01000019.1	22067.0	26967.0	6253.0	1	1	0	1	0	0	0	292	(-1, -1, -1)	(2, 1, 0)	NZ_FNID01000019.1:17067-31967	dereplication_representative										
GCF_900107485.1	NZ_FNQE01000022.1	24382.0	31911.0	11084.0	1	1	0	1	1	1	1	33	(1, 1, 1, 1, 1, 1)	(5, 4, 3, 2, 1, 0)	NZ_FNQE01000022.1:19382-36911	dereplication_representative										
GCF_900108045.1	NZ_FNUK01000016.1	38598.0		10096.0	1	1	0	1	0	1	1	63	(-1, -1, -1, -1, -1)	(4, 3, 2, 1, 0)	NZ_FNUK01000016.1:33598-48176	dereplication_representative			45023.0	48176.0						
GCF_900110045.1	NZ_FOCG01000001.1	784840.0	790374.0	6229.0	1	1	0	1	0	0	0	302	(-1, -1, -1)	(2, 1, 0)	NZ_FOCG01000001.1:779840-795374	dereplication_representative										
GCF_900111595.1	NZ_FOHN01000015.1	52931.0	61692.0	5985.0	0	1	0	1	0	1	0	333	(1, 1, 1)	(2, 1, 0)	NZ_FOHN01000015.1:47931-66692	dereplication_representative										
GCF_900111615.1	NZ_FOHU01000001.1	430839.0	438363.0	11213.0	1	1	0	1	1	1	1	28	(-1, -1, -1, -1, -1, -1)	(5, 4, 3, 2, 1, 0)	NZ_FOHU01000001.1:425839-443363	dereplication_representative										
GCF_900111985.1	NZ_FOKI01000002.1	141121.0	148284.0	9486.0	1	1	0	1	0	1	1	138	(1, 1, 1, 1, 1)	(4, 3, 2, 1, 0)	NZ_FOKI01000002.1:136121-153284	dereplication_representative										
GCF_900113635.1	NZ_FOQA01000001.1	58996.0	65961.0	10674.0	1	1	0	1	1	1	1	45	(1, 1, 1, 1, 1, 1)	(5, 4, 3, 2, 1, 0)	NZ_FOQA01000001.1:53996-70961	dereplication_representative										
GCF_900112775.1	NZ_FOYZ01000003.1	254876.0	261928.0	5920.0	0	1	0	1	0	1	0	357	(-1, -1, -1)	(2, 1, 0)	NZ_FOYZ01000003.1:249876-266928	dereplication_representative										
GCF_900128885.1	NZ_FQTU01000001.1	17798.0	24171.0	9827.0	1	1	0	1	0	1	1	79	(1, 1, 1, 1, 1)	(4, 3, 2, 1, 0)	NZ_FQTU01000001.1:12798-29171	dereplication_representative										
GCF_900129075.1	NZ_FQVH01000002.1	52369.0	59136.0	9971.0	1	1	0	1	0	1	1	67	(1, 1, 1, 1, 1)	(4, 3, 2, 1, 0)	NZ_FQVH01000002.1:47369-64136	dereplication_representative										
GCF_900129965.1	NZ_FQXM01000004.1	228634.0	235367.0	9331.0	1	1	0	1	0	1	1	204	(-1, -1, -1, -1, -1)	(4, 3, 2, 1, 0)	NZ_FQXM01000004.1:223634-240367	dereplication_representative										
GCF_900130005.1	NZ_FQXP01000013.1	42091.0	49599.0	9469.0	1	1	0	1	0	1	1	148	(-1, -1, -1, -1, -1)	(4, 3, 2, 1, 0)	NZ_FQXP01000013.1:37091-54599	dereplication_representative										
GCF_900141845.1	NZ_FQZB01000003.1	39027.0	45792.0	9510.0	1	1	0	1	0	1	1	127	(-1, -1, -1, -1, -1)	(4, 3, 2, 1, 0)	NZ_FQZB01000003.1:34027-50792	dereplication_representative										
GCF_900142075.1	NZ_FQZO01000001.1	696581.0	703347.0	9583.0	1	1	0	1	0	1	1	97	(1, 1, 1, 1, 1)	(4, 3, 2, 1, 0)	NZ_FQZO01000001.1:691581-708347	dereplication_representative										
GCF_900142145.1	NZ_FQZV01000003.1	26074.0	33619.0	11575.0	1	1	0	1	1	1	1	15	(1, 1, 1, 1, 1, 1)	(5, 4, 3, 2, 1, 0)	NZ_FQZV01000003.1:21074-38619	dereplication_representative										
GCF_900142225.1	NZ_FRAD01000012.1	56835.0	63848.0	8112.0	1	1	0	1	0	1	0	224	(-1, -1, -1, -1)	(3, 2, 1, 0)	NZ_FRAD01000012.1:51835-68848	dereplication_representative										
GCF_900142245.1	NZ_FRAG01000001.1	202027.0		6955.0	0	0	0	1	1	1	1	253	(-1, -1, -1, -1)	(3, 2, 1, 0)	NZ_FRAG01000001.1:197027-207332	dereplication_representative			206243.0	207332.0						
GCF_900142275.1	NZ_FRAI01000005.1	531714.0	544077.0	8299.0	0	1	0	1	1	1	1	218	(-1, -1, 1, -1, -1)	(4, 3, 2, 1, 0)	NZ_FRAI01000005.1:526714-549077	dereplication_representative										
GCF_900142955.1	NZ_FRCP01000014.1	143100.0	157240.0	5965.0	0	1	0	1	0	1	0	336	(1, 1, 1)	(2, 1, 0)	NZ_FRCP01000014.1:138100-162240	dereplication_representative										
GCF_900167305.1	NZ_FUWV01000001.1	267188.0	274389.0	10226.0	1	1	0	1	0	1	1	58	(-1, -1, -1, -1, -1)	(4, 3, 2, 1, 0)	NZ_FUWV01000001.1:262188-279389	dereplication_representative										
GCF_900167505.1	NZ_FUYD01000002.1	164119.0	171057.0	9465.0	1	1	0	1	0	1	1	152	(1, 1, 1, 1, 1)	(4, 3, 2, 1, 0)	NZ_FUYD01000002.1:159119-176057	dereplication_representative										
GCF_900167605.1	NZ_FUYH01000004.1		12268.0	9938.0	1	1	0	1	0	1	1	71	(1, 1, 1, 1, 1)	(4, 3, 2, 1, 0)	NZ_FUYH01000004.1:1-17268	readded_by_content	4724.0	1.0								
GCF_900167445.1	NZ_FUZT01000005.1	261103.0	268639.0	11748.0	1	1	0	1	1	1	1	8	(-1, -1, -1, -1, -1, -1)	(5, 4, 3, 2, 1, 0)	NZ_FUZT01000005.1:256103-273639	dereplication_representative										
GCF_900176305.1	NZ_FWXH01000003.1	161024.0	167882.0	9572.0	1	1	0	1	0	1	1	100	(1, 1, 1, 1, 1)	(4, 3, 2, 1, 0)	NZ_FWXH01000003.1:156024-172882	dereplication_representative										
GCF_900176335.1	NZ_FWXW01000010.1	6030.0	10995.0	6243.0	1	1	0	1	0	0	0	297	(-1, -1, -1)	(2, 1, 0)	NZ_FWXW01000010.1:1030-15995	dereplication_representative										
GCF_900185645.1	NZ_FYAM01000024.1	178275.0	185601.0	9554.0	1	1	0	1	0	1	1	106	(-1, -1, -1, -1, -1)	(4, 3, 2, 1, 0)	NZ_FYAM01000024.1:173275-190601	dereplication_representative										
GCF_900186535.1	NZ_FYDE01000005.1	1921900.0	1926615.0	6138.0	1	1	0	1	0	0	0	316	(-1, -1, -1)	(2, 1, 0)	NZ_FYDE01000005.1:1916900-1931615	dereplication_representative										
GCF_900188145.1	NZ_FZOJ01000008.1	59838.0	67445.0	11287.0	1	1	0	1	1	1	1	22	(-1, -1, -1, -1, -1, -1)	(5, 4, 3, 2, 1, 0)	NZ_FZOJ01000008.1:54838-72445	dereplication_representative										
GCF_000430995.1	NZ_HF952018.1	1188859.0	1196543.0	10943.0	1	1	0	1	1	1	1	35	(-1, -1, -1, -1, -1, -1)	(5, 4, 3, 2, 1, 0)	NZ_HF952018.1:1183859-1201543	dereplication_representative										
GCF_000308275.2	NZ_HG529490.1	556686.0	569230.0	4737.0	1	1	0	1	0	0	0	397	(-1, -1, -1)	(2, 1, 0)	NZ_HG529490.1:551686-574230	dereplication_representative										
GCF_000577895.1	NZ_HG917868.1	2207497.0	2214792.0	9238.0	1	1	0	1	0	1	1	212	(-1, -1, -1, -1, -1)	(4, 3, 2, 1, 0)	NZ_HG917868.1:2202497-2219792	dereplication_representative										
GCF_009928445.1	NZ_JAABNO010000002.1	329524.0	336327.0	9450.0	1	1	0	1	0	1	1	171	(1, 1, 1, 1, 1)	(4, 3, 2, 1, 0)	NZ_JAABNO010000002.1:324524-341327	dereplication_representative										
GCF_010179735.1	NZ_JAAEEH010000017.1	18012.0	24380.0	5903.0	0	1	0	1	0	1	0	362	(1, 1, 1)	(2, 1, 0)	NZ_JAAEEH010000017.1:13012-29380	dereplication_representative										
GCF_011065905.2	NZ_JAAMNG020000001.1	2111783.0	2118661.0	9420.0	1	1	0	1	0	1	1	190	(-1, -1, -1, -1, -1)	(4, 3, 2, 1, 0)	NZ_JAAMNG020000001.1:2106783-2123661	dereplication_representative										
GCF_011065935.2	NZ_JAAMNH020000001.1	3037593.0	3044519.0	9537.0	1	1	0	1	0	1	1	111	(-1, -1, -1, -1, -1)	(4, 3, 2, 1, 0)	NZ_JAAMNH020000001.1:3032593-3049519	dereplication_representative										
GCF_011065955.2	NZ_JAAMNI020000001.1	3186023.0	3192951.0	9453.0	1	1	0	1	0	1	1	166	(-1, -1, -1, -1, -1)	(4, 3, 2, 1, 0)	NZ_JAAMNI020000001.1:3181023-3197951	dereplication_representative										
GCF_012926525.1	NZ_JABBNI010000001.1	112639.0	119768.0	9432.0	1	1	0	1	0	1	1	179	(1, 1, 1, 1, 1)	(4, 3, 2, 1, 0)	NZ_JABBNI010000001.1:107639-124768	dereplication_representative										
GCF_013294265.1	NZ_JABSWD010000001.1	3060865.0	3067972.0	9569.0	1	1	0	1	0	1	1	102	(-1, -1, -1, -1, -1)	(4, 3, 2, 1, 0)	NZ_JABSWD010000001.1:3055865-3072972	dereplication_representative										
GCF_014050525.1	NZ_JACGAG010000005.1	52397.0	59273.0	9425.0	1	1	0	1	0	1	1	185	(1, 1, 1, 1, 1)	(4, 3, 2, 1, 0)	NZ_JACGAG010000005.1:47397-64273	dereplication_representative										
GCF_014205875.1	NZ_JACHEN010000004.1	71404.0	78943.0	11599.0	1	1	0	1	1	1	1	13	(-1, -1, -1, -1, -1, -1)	(5, 4, 3, 2, 1, 0)	NZ_JACHEN010000004.1:66404-83943	dereplication_representative										
GCF_014202115.1	NZ_JACHFW010000009.1	128875.0	135783.0	6069.0	0	1	0	1	0	1	0	320	(-1, -1, -1)	(2, 1, 0)	NZ_JACHFW010000009.1:123875-140783	dereplication_representative										
GCF_014281125.1	NZ_JACOEA010000001.1	380999.0	387212.0	6239.0	1	1	0	1	0	0	0	300	(1, 1, 1)	(2, 1, 0)	NZ_JACOEA010000001.1:375999-392212	dereplication_representative										
GCF_014287895.1	NZ_JACOPP010000002.1	150541.0	156233.0	6249.0	1	1	0	1	0	0	0	295	(-1, -1, -1)	(2, 1, 0)	NZ_JACOPP010000002.1:145541-161233	dereplication_representative										
GCF_014287675.1	NZ_JACOPQ010000002.1	43200.0	54227.0	6185.0	1	1	0	1	0	0	0	315	(-1, -1, -1)	(2, 1, 0)	NZ_JACOPQ010000002.1:38200-59227	dereplication_representative										
GCF_014384895.1	NZ_JACRSQ010000005.1	10859.0	14781.0	5192.0	0	0	0	1	0	1	1	382	(1, 1, 1)	(2, 1, 0)	NZ_JACRSQ010000005.1:5859-19781	dereplication_representative										
GCF_014384995.1	NZ_JACRSY010000008.1	52364.0	56011.0	5279.0	0	0	0	1	0	1	1	377	(-1, -1, -1)	(2, 1, 0)	NZ_JACRSY010000008.1:47364-61011	dereplication_representative										
GCF_014385085.1	NZ_JACRTD010000001.1	381596.0	386304.0	6348.0	1	1	0	1	0	0	0	271	(-1, -1, -1)	(2, 1, 0)	NZ_JACRTD010000001.1:376596-391304	dereplication_representative										
GCF_014385265.1	NZ_JACRTJ010000005.1	128371.0	133176.0	5962.0	0	1	0	1	0	1	0	337	(-1, -1, -1)	(2, 1, 0)	NZ_JACRTJ010000005.1:123371-138176	dereplication_representative										
GCF_016901815.1	NZ_JACSNR010000007.1	10409.0	15196.0	6216.0	1	1	0	1	0	0	0	306	(-1, -1, -1)	(2, 1, 0)	NZ_JACSNR010000007.1:5409-20196	dereplication_representative										
GCF_032335695.1	NZ_JACTOJ010000010.1	177458.0		9382.0	1	1	0	1	0	1	1	198	(1, 1, 1, 1, 1)	(4, 3, 2, 1, 0)	NZ_JACTOJ010000010.1:172458-186097	dereplication_representative			184398.0	186097.0						
GCF_014982785.1	NZ_JADCKB010000015.1	13368.0	18085.0	5093.0	0	0	0	1	0	1	1	390	(-1, -1, -1)	(2, 1, 0)	NZ_JADCKB010000015.1:8368-23085	dereplication_representative										
GCF_015352425.1	NZ_JADKNH010000006.1	234916.0	238987.0	7696.0	0	0	0	1	1	1	1	246	(-1, -1, -1, -1)	(3, 2, 1, 0)	NZ_JADKNH010000006.1:229916-243987	dereplication_representative										
GCF_017811815.1	NZ_JADKZI010000002.1	453445.0	463563.0	6187.0	1	1	0	1	0	0	0	314	(-1, -1, -1)	(2, 1, 0)	NZ_JADKZI010000002.1:448445-468563	dereplication_representative										
GCF_015550495.1	NZ_JADNAX010000004.1	43128.0	48999.0	8334.0	1	1	1	1	1	0	0	216	(-1, -1, -1, -1, -1)	(4, 3, 2, 1, 0)	NZ_JADNAX010000004.1:38128-53999	dereplication_representative										
GCF_015554605.1	NZ_JADNIV010000001.1	299120.0	304021.0	6291.0	1	1	0	1	0	0	0	281	(-1, -1, -1)	(2, 1, 0)	NZ_JADNIV010000001.1:294120-309021	dereplication_representative										
GCF_015557495.1	NZ_JADNOJ010000005.1	105647.0	118296.0	7601.0	0	1	0	1	0	1	1	249	(-1, -1, -1, -1)	(3, 2, 1, 0)	NZ_JADNOJ010000005.1:100647-123296	dereplication_representative										
GCF_015594845.1	NZ_JADNRK010000002.1	194573.0	200903.0	9861.0	1	1	0	1	0	1	1	78	(-1, -1, -1, -1, -1)	(4, 3, 2, 1, 0)	NZ_JADNRK010000002.1:189573-205903	dereplication_representative										
GCF_021531375.1	NZ_JADYTU010000007.1	64823.0	69927.0	6250.0	1	1	0	1	0	0	0	294	(-1, -1, -1)	(2, 1, 0)	NZ_JADYTU010000007.1:59823-74927	dereplication_representative										
GCF_021531815.1	NZ_JADYUM010000003.1	55199.0	60282.0	6220.0	1	1	0	1	0	0	0	304	(1, 1, 1)	(2, 1, 0)	NZ_JADYUM010000003.1:50199-65282	dereplication_representative										
GCF_021432385.1	NZ_JAEACT010000002.1	1175303.0	1182777.0	9455.0	1	1	0	1	0	1	1	164	(1, 1, 1, 1, 1)	(4, 3, 2, 1, 0)	NZ_JAEACT010000002.1:1170303-1187777	dereplication_representative										
GCF_016765615.1	NZ_JAESWA010000017.1	358692.0	365547.0	9423.0	1	1	0	1	0	1	1	186	(-1, -1, -1, -1, -1)	(4, 3, 2, 1, 0)	NZ_JAESWA010000017.1:353692-370547	dereplication_representative										
GCF_028728205.1	NZ_JAQYUU010000001.1	1427221.0	1434076.0	9421.0	1	1	0	1	0	1	1	189	(-1, -1, -1, -1, -1)	(4, 3, 2, 1, 0)	NZ_JAESWA010000017.1:353692-370547	redundant										
GCF_016765585.1	NZ_JAESWC010000002.1	394125.0	401012.0	9531.0	1	1	0	1	0	1	1	114	(-1, -1, -1, -1, -1)	(4, 3, 2, 1, 0)	NZ_JAESWC010000002.1:389125-406012	dereplication_representative										
GCF_016908015.1	NZ_JAFBDB010000002.1	599421.0	607004.0	9565.0	1	1	0	1	0	1	1	104	(1, 1, 1, 1, 1)	(4, 3, 2, 1, 0)	NZ_JAFBDB010000002.1:594421-612004	dereplication_representative										
GCF_016908355.1	NZ_JAFBDT010000006.1	77753.0	84673.0	12821.0	1	1	1	1	1	1	1	2	(-1, -1, -1, -1, -1, -1, -1)	(6, 5, 4, 3, 2, 1, 0)	NZ_JAFBDT010000006.1:72753-89673	dereplication_representative										
GCF_000526495.1	NZ_JAGE01000001.1	3481939.0	3489673.0	10431.0	1	1	0	1	1	1	1	49	(1, 1, 1, 1, 1, 1)	(5, 4, 3, 2, 1, 0)	NZ_JAGE01000001.1:3476939-3494673	dereplication_representative										
GCF_017874425.1	NZ_JAGGLL010000001.1	249803.0	256912.0	9645.0	1	1	0	1	0	1	1	83	(-1, -1, -1, -1, -1)	(4, 3, 2, 1, 0)	NZ_JAGGLL010000001.1:244803-261912	dereplication_representative										
GCF_017874415.1	NZ_JAGGLM010000005.1	67277.0	74140.0	9395.0	1	1	0	1	0	1	1	196	(1, 1, 1, 1, 1)	(4, 3, 2, 1, 0)	NZ_JAGGLM010000005.1:62277-79140	dereplication_representative										
GCF_018390735.1	NZ_JAHBCL010000024.1	43636.0	50752.0	14999.0	1	1	1	1	1	1	1	1	(1, 1, 1, 1, 1, 1, 1)	(6, 5, 4, 3, 2, 1, 0)	NZ_JAHBCL010000024.1:38636-55752	dereplication_representative										
GCF_019144085.1	NZ_JAHHUY010000004.1	55479.0	62338.0	9367.0	1	1	0	1	0	1	1	200	(-1, -1, -1, -1, -1)	(4, 3, 2, 1, 0)	NZ_JAHHUY010000004.1:50479-67338	dereplication_representative										
GCF_036670035.1	NZ_CP137758.1	2057652.0	2064512.0	9423.0	1	1	0	1	0	1	1	188	(-1, -1, -1, -1, -1)	(4, 3, 2, 1, 0)	NZ_JAHHUY010000004.1:50479-67338	redundant										
GCF_018861735.1	NZ_JAHLEB010000009.1	45301.0	52206.0	9429.0	1	1	0	1	0	1	1	183	(1, 1, 1, 1, 1)	(4, 3, 2, 1, 0)	NZ_JAHLEB010000009.1:40301-57206	dereplication_representative										
GCF_018861755.1	NZ_JAHLEF010000008.1	134908.0	141822.0	9492.0	1	1	0	1	0	1	1	133	(-1, -1, -1, -1, -1)	(4, 3, 2, 1, 0)	NZ_JAHLEF010000008.1:129908-146822	dereplication_representative										
GCF_018917145.1	NZ_JAHLOD010000004.1	52006.0	58958.0	9248.0	1	1	0	1	0	1	1	211	(-1, -1, -1, -1, -1)	(4, 3, 2, 1, 0)	NZ_JAHLOD010000004.1:47006-63958	dereplication_representative										
GCF_018917965.1	NZ_JAHLPP010000001.1	938278.0	943744.0	6251.0	1	1	0	1	0	0	0	293	(-1, -1, -1)	(2, 1, 0)	NZ_JAHLPP010000001.1:933278-948744	dereplication_representative										
GCF_018918155.1	NZ_JAHLPY010000001.1	312359.0	320745.0	5888.0	0	1	0	1	0	1	0	365	(-1, -1, -1)	(2, 1, 0)	NZ_JAHLPY010000001.1:307359-325745	dereplication_representative										
GCF_018918285.1	NZ_JAHLQF010000003.1	585649.0	592647.0	9606.0	1	1	0	1	0	1	1	90	(1, 1, 1, 1, 1)	(4, 3, 2, 1, 0)	NZ_JAHLQF010000003.1:580649-597647	dereplication_representative										
GCF_020176155.1	NZ_JAIRAZ010000035.1	5575.0	12485.0	9461.0	1	1	0	1	0	1	1	156	(1, 1, 1, 1, 1)	(4, 3, 2, 1, 0)	NZ_JAIRAZ010000035.1:575-17485	dereplication_representative										
GCF_020443705.1	NZ_JAIZZK010000001.1	402724.0	409734.0	9520.0	1	1	0	1	0	1	1	123	(-1, -1, -1, -1, -1)	(4, 3, 2, 1, 0)	NZ_JAIZZK010000001.1:397724-414734	dereplication_representative										
GCF_020443565.1	NZ_JAIZZN010000004.1	51349.0	58309.0	9575.0	1	1	0	1	0	1	1	98	(-1, -1, -1, -1, -1)	(4, 3, 2, 1, 0)	NZ_JAIZZN010000004.1:46349-63309	dereplication_representative										
GCF_020686985.1	NZ_JAJEPU010000020.1	26468.0	31221.0	5926.0	0	1	0	1	0	1	0	354	(1, 1, 1)	(2, 1, 0)	NZ_JAJEPU010000020.1:21468-36221	dereplication_representative										
GCF_020908015.1	NZ_JAJJPB010000020.1	37136.0	44115.0	9299.0	1	1	0	1	0	1	1	207	(1, 1, 1, 1, 1)	(4, 3, 2, 1, 0)	NZ_JAJJPB010000020.1:32136-49115	dereplication_representative										
GCF_021043395.1	NZ_JAJNKE010000001.1	249387.0	256776.0	9533.0	1	1	0	1	0	1	1	113	(-1, -1, -1, -1, -1)	(4, 3, 2, 1, 0)	NZ_JAJNKE010000001.1:244387-261776	dereplication_representative										
GCF_021044755.1	NZ_JAJNOR010000002.1	153101.0	157808.0	6013.0	0	1	0	1	0	1	0	327	(-1, -1, -1)	(2, 1, 0)	NZ_JAJNOR010000002.1:148101-162808	dereplication_representative										
GCF_014337195.1	NZ_CP060634.1	1424268.0	1428975.0	6052.0	0	1	0	1	0	1	0	321	(-1, -1, -1)	(2, 1, 0)	NZ_JAJNOR010000002.1:148101-162808	redundant										
GCF_026155355.1	NZ_JAJUXF010000001.1	856673.0	861147.0	5087.0	0	0	0	1	0	1	1	391	(1, 1, 1)	(2, 1, 0)	NZ_JAJUXF010000001.1:851673-866147	dereplication_representative										
GCF_022132365.1	NZ_JAKNJB010000022.1	33772.0	38756.0	6268.0	1	1	0	1	0	0	0	286	(-1, -1, -1)	(2, 1, 0)	NZ_JAKNJB010000022.1:28772-43756	dereplication_representative										
GCF_022440865.1	NZ_JAKNTP010000001.1	476261.0	482163.0	7854.0	1	1	0	1	1	0	0	239	(1, 1, 1, 1)	(3, 2, 1, 0)	NZ_JAKNTP010000001.1:471261-487163	dereplication_representative										
GCF_023161605.1	NZ_JALNQL010000002.1	460179.0	466992.0	11418.0	1	1	0	1	1	1	1	17	(-1, -1, -1, -1, -1, -1)	(5, 4, 3, 2, 1, 0)	NZ_JALNQL010000002.1:455179-471992	dereplication_representative										
GCF_023656515.1	NZ_JAMOFV010000006.1	2229296.0	2236204.0	9595.0	1	1	0	1	0	1	1	95	(-1, -1, -1, -1, -1)	(4, 3, 2, 1, 0)	NZ_JAMOFV010000006.1:2224296-2241204	dereplication_representative										
GCF_023806125.1	NZ_JAMSKT010000006.1	93111.0	99976.0	9569.0	1	1	0	1	0	1	1	101	(1, 1, 1, 1, 1)	(4, 3, 2, 1, 0)	NZ_JAMSKT010000006.1:88111-104976	dereplication_representative										
GCF_024135845.1	NZ_JAMYJV010000003.1	516503.0	520316.0	5131.0	0	0	0	1	0	1	1	387	(1, 1, 1)	(2, 1, 0)	NZ_JAMYJV010000003.1:511503-525316	dereplication_representative										
GCF_024622825.1	NZ_JANKAH010000011.1	46759.0	53845.0	9486.0	1	1	0	1	0	1	1	139	(1, 1, 1, 1, 1)	(4, 3, 2, 1, 0)	NZ_JANKAH010000011.1:41759-58845	dereplication_representative										
GCF_025398335.1	NZ_JAODOO010000009.1	15841.0	23008.0	9457.0	1	1	0	1	0	1	1	160	(-1, -1, -1, -1, -1)	(4, 3, 2, 1, 0)	NZ_JAODOO010000009.1:10841-28008	dereplication_representative										
GCF_025567365.1	NZ_JAOQJG010000008.1	6406.0	13171.0	5928.0	0	1	0	1	0	1	0	353	(-1, -1, -1)	(2, 1, 0)	NZ_JAOQJG010000008.1:1406-18171	dereplication_representative										
GCF_025567095.1	NZ_JAOQJH010000006.1	99499.0	104312.0	5950.0	0	1	0	1	0	1	0	343	(1, 1, 1)	(2, 1, 0)	NZ_JAOQJH010000006.1:94499-109312	dereplication_representative										
GCF_034439435.1	NZ_JAPCKJ010000001.1	943546.0	950043.0	9528.0	1	1	0	1	0	1	1	116	(-1, -1, -1, -1, -1)	(4, 3, 2, 1, 0)	NZ_JAPCKJ010000001.1:938546-955043	dereplication_representative										
GCF_026719745.1	NZ_JAPPRQ010000011.1	92185.0	99003.0	9492.0	1	1	0	1	0	1	1	134	(1, 1, 1, 1, 1)	(4, 3, 2, 1, 0)	NZ_JAPPRQ010000011.1:87185-104003	dereplication_representative										
GCF_026735135.1	NZ_JAPQER010000002.1	74677.0	81524.0	9525.0	1	1	0	1	0	1	1	118	(1, 1, 1, 1, 1)	(4, 3, 2, 1, 0)	NZ_JAPQER010000002.1:69677-86524	dereplication_representative										
GCF_026735165.1	NZ_JAPQES010000002.1	172809.0	179713.0	9452.0	1	1	0	1	0	1	1	169	(-1, -1, -1, -1, -1)	(4, 3, 2, 1, 0)	NZ_JAPQES010000002.1:167809-184713	dereplication_representative										
GCF_026738875.1	NZ_JAPQFJ010000007.1	14207.0	21085.0	7729.0	1	1	0	1	0	0	1	243	(-1, -1, -1, -1)	(3, 2, 1, 0)	NZ_JAPQFJ010000007.1:9207-26085	dereplication_representative										
GCF_029914245.1	NZ_JARYZI010000001.1	646386.0	653452.0	12734.0	1	1	1	1	1	1	1	3	(-1, -1, -1, -1, -1, -1, -1)	(6, 5, 4, 3, 2, 1, 0)	NZ_JARYZI010000001.1:641386-658452	dereplication_representative										
GCF_030053595.1	NZ_JASGBQ010000003.1	141096.0	145805.0	5985.0	0	1	0	1	0	1	0	332	(-1, -1, -1)	(2, 1, 0)	NZ_JASGBQ010000003.1:136096-150805	dereplication_representative										
GCF_030131965.1	NZ_JASKYN010000007.1	21045.0	35390.0	7876.0	1	1	0	1	1	0	0	236	(-1, -1, -1, -1)	(3, 2, 1, 0)	NZ_JASKYN010000007.1:16045-40390	dereplication_representative										
GCF_030372275.1	NZ_JAUDDJ010000002.1	5270.0	10063.0	6193.0	1	1	0	1	0	0	0	312	(-1, -1, -1)	(2, 1, 0)	NZ_JAUDDJ010000002.1:270-15063	dereplication_representative										
GCF_040088595.1	NZ_JAULJF010000005.1	8514.0	15836.0	10835.0	1	1	0	1	1	1	1	40	(1, 1, 1, 1, 1, 1)	(5, 4, 3, 2, 1, 0)	NZ_JAULJF010000005.1:3514-20836	dereplication_representative										
GCF_030546345.1	NZ_JAUONW010000040.1	96325.0	102794.0	10167.0	1	1	0	1	0	1	1	59	(1, 1, 1, 1, 1)	(4, 3, 2, 1, 0)	NZ_JAUONW010000040.1:91325-107794	dereplication_representative										
GCF_030812885.1	NZ_JAUSTO010000001.1	44280.0	49201.0	5877.0	0	1	0	1	0	1	0	369	(-1, -1, -1)	(2, 1, 0)	NZ_JAUSTO010000001.1:39280-54201	dereplication_representative										
GCF_030815255.1	NZ_JAUSWN010000010.1	84128.0	91045.0	9433.0	1	1	0	1	0	1	1	177	(1, 1, 1, 1, 1)	(4, 3, 2, 1, 0)	NZ_JAUSWN010000010.1:79128-96045	dereplication_representative										
GCF_030848475.1	NZ_JAVDDS010000034.1	24118.0	28632.0	4952.0	0	0	0	1	0	1	1	395	(1, 1, 1)	(2, 1, 0)	NZ_JAVDDS010000034.1:19118-33632	dereplication_representative										
GCF_031432315.1	NZ_JAVKGO010000001.1	180890.0	188521.0	11128.0	1	1	0	1	1	1	1	32	(1, 1, 1, 1, 1, 1)	(5, 4, 3, 2, 1, 0)	NZ_JAVKGO010000001.1:175890-193521	dereplication_representative										
GCF_036941135.1	NZ_JAYWSY010000001.1	1115075.0	1121948.0	6261.0	1	1	0	1	0	0	0	287	(1, 1, 1)	(2, 1, 0)	NZ_JAYWSY010000001.1:1110075-1126948	dereplication_representative										
GCF_038739695.1	NZ_JBBEWN010000003.1	38916.0	42629.0	4714.0	0	1	1	1	0	0	0	398	(-1, -1, -1)	(2, 1, 0)	NZ_JBBEWN010000003.1:33916-47629	dereplication_representative										
GCF_037572415.1	NZ_JBBHLB010000001.1	328751.0	338646.0	6188.0	1	1	0	1	0	0	0	313	(1, 1, 1)	(2, 1, 0)	NZ_JBBHLB010000001.1:323751-343646	dereplication_representative										
GCF_040096075.1	NZ_JBBMFJ010000036.1	21039.0	25728.0	5900.0	0	1	0	1	0	1	0	363	(-1, -1, -1)	(2, 1, 0)	NZ_JBBMFJ010000036.1:16039-30728	dereplication_representative										
GCF_040096055.1	NZ_JBBMFK010000012.1	56093.0	60928.0	6290.0	1	1	0	1	0	0	0	283	(-1, -1, -1)	(2, 1, 0)	NZ_JBBMFK010000012.1:51093-65928	dereplication_representative										
GCF_037844525.1	NZ_JBBMMD010000047.1	17164.0	24993.0	11213.0	1	1	0	1	1	1	1	27	(1, 1, 1, 1, 1, 1)	(5, 4, 3, 2, 1, 0)	NZ_JBBMMD010000047.1:12164-29993	dereplication_representative										
GCF_039414295.1	NZ_JBCITM010000002.1	8556.0	15564.0	10609.0	1	1	0	1	1	1	1	47	(1, 1, 1, 1, 1, 1)	(5, 4, 3, 2, 1, 0)	NZ_JBCITM010000002.1:3556-20564	dereplication_representative										
GCF_900182905.1	NZ_FXUF01000003.1	335386.0	342395.0	10659.0	1	1	0	1	1	1	1	46	(-1, -1, -1, -1, -1, -1)	(5, 4, 3, 2, 1, 0)	NZ_JBCITM010000002.1:3556-20564	redundant										
GCF_039503245.1	NZ_JBCLMT010000008.1	84341.0	89468.0	6341.0	1	1	0	1	0	0	0	272	(1, 1, 1)	(2, 1, 0)	NZ_JBCLMT010000008.1:79341-94468	dereplication_representative										
GCF_040719375.1	NZ_JBFDTP010000002.1	327401.0	332131.0	5961.0	0	1	0	1	0	1	0	338	(1, 1, 1)	(2, 1, 0)	NZ_JBFDTP010000002.1:322401-337131	dereplication_representative										
GCF_041205085.1	NZ_JBGEWD010000007.1	111305.0	118377.0	9368.0	1	1	0	1	0	1	1	199	(-1, -1, -1, -1, -1)	(4, 3, 2, 1, 0)	NZ_JBGEWD010000007.1:106305-123377	dereplication_representative										
GCF_041925195.1	NZ_JBHEVB010000002.1	8990.0	13786.0	6208.0	1	1	0	1	0	0	0	309	(-1, -1, -1)	(2, 1, 0)	NZ_JBHEVB010000002.1:3990-18786	dereplication_representative										
GCF_045310525.1	NZ_JBJHZY010000001.1	1492113.0	1499028.0	9479.0	1	1	0	1	0	1	1	144	(1, 1, 1, 1, 1)	(4, 3, 2, 1, 0)	NZ_JBJHZY010000001.1:1487113-1504028	dereplication_representative										
GCF_045310675.1	NZ_JBJHZZ010000006.1	61204.0	68106.0	9475.0	1	1	0	1	0	1	1	146	(-1, -1, -1, -1, -1)	(4, 3, 2, 1, 0)	NZ_JBJHZZ010000006.1:56204-73106	dereplication_representative										
GCF_045310695.1	NZ_JBJIAA010000012.1	93382.0	100556.0	9550.0	1	1	0	1	0	1	1	108	(1, 1, 1, 1, 1)	(4, 3, 2, 1, 0)	NZ_JBJIAA010000012.1:88382-105556	dereplication_representative										
GCF_000724385.2	NZ_JENO01000007.1	50374.0	57215.0	9469.0	1	1	0	1	0	1	1	149	(-1, -1, -1, -1, -1)	(4, 3, 2, 1, 0)	NZ_JENO01000007.1:45374-62215	dereplication_representative										
GCF_000179595.2	NZ_JH556651.1	121017.0	125484.0	5068.0	0	0	0	1	0	1	1	393	(1, 1, 1)	(2, 1, 0)	NZ_JH556651.1:116017-130484	dereplication_representative										
GCF_000242235.1	NZ_JH590863.1	529466.0	534352.0	5704.0	0	1	0	1	0	1	0	375	(1, 1, 1)	(2, 1, 0)	NZ_JH590863.1:524466-539352	dereplication_representative										
GCF_000619945.1	NZ_JHVC01000018.1		10697.0	9524.0	1	1	0	1	0	1	1	119	(1, 1, 1, 1, 1)	(4, 3, 2, 1, 0)	NZ_JHVC01000018.1:1-15697	dereplication_representative	3568.0	1.0								
GCF_000621505.1	NZ_JHYD01000009.1	183433.0	191372.0	10353.0	1	1	0	1	1	1	1	55	(-1, -1, -1, -1, -1, -1)	(5, 4, 3, 2, 1, 0)	NZ_JHYD01000009.1:178433-196372	dereplication_representative										
GCF_000621485.1	NZ_JHYF01000001.1	58893.0	66471.0	11304.0	1	1	0	1	1	1	1	20	(1, 1, 1, 1, 1, 1)	(5, 4, 3, 2, 1, 0)	NZ_JHYF01000001.1:53893-71471	dereplication_representative										
GCF_000699585.2	NZ_JJMM01000005.1	106596.0	113442.0	11225.0	1	1	0	1	1	1	1	26	(1, 1, 1, 1, 1, 1)	(5, 4, 3, 2, 1, 0)	NZ_JJMM01000005.1:101596-118442	dereplication_representative										
GCF_000806225.2	NZ_JOOI01000001.1	354271.0	361608.0	10845.0	1	1	0	1	1	1	1	38	(1, 1, 1, 1, 1, 1)	(5, 4, 3, 2, 1, 0)	NZ_JOOI01000001.1:349271-366608	dereplication_representative										
GCF_003722315.1	NZ_CP033580.1	1708584.0	1715921.0	10905.0	1	1	0	1	1	1	1	37	(1, 1, 1, 1, 1, 1)	(5, 4, 3, 2, 1, 0)	NZ_JOOI01000001.1:349271-366608	redundant										
GCF_000732635.1	NZ_JPMD01000035.1	79335.0	86173.0	8169.0	1	1	0	1	0	1	0	221	(1, 1, 1, 1)	(3, 2, 1, 0)	NZ_JPMD01000035.1:74335-91173	dereplication_representative										
GCF_039521425.1	NZ_BAAACI010000001.1	1106877.0	1113716.0	8160.0	1	1	0	1	0	1	0	223	(-1, -1, -1, -1)	(3, 2, 1, 0)	NZ_JPMD01000035.1:74335-91173	redundant										
GCF_000744935.1	NZ_JQMW01000009.1	1092501.0	1097146.0	6529.0	1	1	0	1	0	0	0	267	(-1, -1, -1)	(2, 1, 0)	NZ_JQMW01000009.1:1087501-1102146	dereplication_representative										
GCF_000383295.1	NZ_KB911066.1	118835.0	123746.0	6322.0	1	1	0	1	0	0	0	275	(-1, -1, -1)	(2, 1, 0)	NZ_KB911066.1:113835-128746	dereplication_representative										
GCF_000686705.1	NZ_KK366004.1	561293.0	568429.0	9430.0	1	1	0	1	0	1	1	181	(1, 1, 1, 1, 1)	(4, 3, 2, 1, 0)	NZ_KK366004.1:556293-573429	dereplication_representative										
GCF_000686725.1	NZ_KK366008.1	171196.0	178008.0	9427.0	1	1	0	1	0	1	1	184	(-1, -1, -1, -1, -1)	(4, 3, 2, 1, 0)	NZ_KK366008.1:166196-183008	dereplication_representative										
GCF_000981035.1	NZ_LAYJ01000101.1	74274.0	86076.0	7037.0	1	1	0	1	1	0	0	252	(1, 1, 1, 1)	(3, 2, 1, 0)	NZ_LAYJ01000101.1:69274-91076	dereplication_representative										
GCF_001047375.1	NZ_LFVU01000027.1	16189.0	24634.0	9963.0	1	1	0	1	0	1	1	69	(1, 1, 1, 1, 1)	(4, 3, 2, 1, 0)	NZ_LFVU01000027.1:11189-29634	dereplication_representative										
GCF_001262605.1	NZ_LGTC01000001.1	793877.0	802891.0	9657.0	1	1	0	1	0	1	1	82	(1, 1, 1, 1, 1)	(4, 3, 2, 1, 0)	NZ_LGTC01000001.1:788877-807891	dereplication_representative										
GCF_001263795.1	NZ_LHUR01000011.1	217545.0	224381.0	9621.0	1	1	0	1	0	1	1	87	(-1, -1, -1, -1, -1)	(4, 3, 2, 1, 0)	NZ_LHUR01000011.1:212545-229381	dereplication_representative										
GCF_001636845.1	NZ_LITT01000004.1	107564.0	114493.0	9348.0	1	1	0	1	0	1	1	202	(-1, -1, -1, -1, -1)	(4, 3, 2, 1, 0)	NZ_LITT01000004.1:102564-119493	dereplication_representative										
GCF_000143685.1	NC_014328.1	3687411.0	3694350.0	9336.0	1	1	0	1	0	1	1	203	(-1, -1, -1, -1, -1)	(4, 3, 2, 1, 0)	NZ_LITT01000004.1:102564-119493	redundant										
GCF_019056555.1	NZ_CP020473.1	1396624.0	1403563.0	9320.0	1	1	0	1	0	1	1	205	(-1, -1, -1, -1, -1)	(4, 3, 2, 1, 0)	NZ_LITT01000004.1:102564-119493	redundant										
GCF_004006395.2	NZ_CP029758.2	3636555.0	3643493.0	9350.0	1	1	0	1	0	1	1	201	(-1, -1, -1, -1, -1)	(4, 3, 2, 1, 0)	NZ_LITT01000004.1:102564-119493	redundant										
GCF_001317355.1	NZ_LKET01000028.1	139088.0	145969.0	9960.0	1	1	0	1	0	1	1	70	(-1, -1, -1, -1, -1)	(4, 3, 2, 1, 0)	NZ_LKET01000028.1:134088-150969	dereplication_representative										
GCF_001440545.1	NZ_LKHP01000003.1	230763.0	237237.0	10101.0	1	1	0	1	0	1	1	62	(1, 1, 1, 1, 1)	(4, 3, 2, 1, 0)	NZ_LKHP01000003.1:225763-242237	dereplication_representative										
GCF_001282685.1	NZ_LN875035.1	3188052.0	3191702.0	5337.0	0	0	0	1	0	1	1	376	(-1, -1, -1)	(2, 1, 0)	NZ_LN875035.1:3183052-3196702	dereplication_representative										
GCF_001282725.1	NZ_LN876587.1	888085.0	895588.0	11595.0	1	1	0	1	1	1	1	14	(1, 1, 1, 1, 1, 1)	(5, 4, 3, 2, 1, 0)	NZ_LN876587.1:883085-900588	dereplication_representative										
GCF_001403635.1	NZ_LN879468.1	1056127.0	1062808.0	8173.0	1	1	0	1	0	1	0	220	(-1, -1, -1, -1)	(3, 2, 1, 0)	NZ_LN879468.1:1051127-1067808	dereplication_representative										
GCF_001562415.1	NZ_LOEE01000019.1	10128.0	27962.0	12042.0	1	1	1	1	1	1	1	5	(-1, -1, -1, -1, -1, -1, -1)	(6, 5, 4, 3, 2, 1, 0)	NZ_LOEE01000019.1:5128-32962	dereplication_representative										
GCF_001559865.1	NZ_LOHE01000068.1	83311.0	94359.0	12085.0	1	1	0	2	1	1	1	4	(1, 1, 1, 1, 1, 1, 1)	(6, 5, 4, 3, 2, 1, 0)	NZ_LOHE01000068.1:78311-99359	dereplication_representative										
GCF_900604345.1	NZ_LR026983.1	86905.0	99548.0	6035.0	0	1	0	1	0	1	0	322	(-1, -1, -1)	(2, 1, 0)	NZ_LR026983.1:81905-104548	dereplication_representative										
GCF_900538275.1	NZ_LR130778.1	3074665.0	3081344.0	5956.0	0	1	0	1	0	1	0	339	(1, 1, 1)	(2, 1, 0)	NZ_LR130778.1:3069665-3086344	dereplication_representative										
GCF_900626135.1	NZ_LR130785.1	1547702.0	1555023.0	11174.0	1	1	0	1	1	1	1	29	(1, 1, 1, 1, 1, 1)	(5, 4, 3, 2, 1, 0)	NZ_LR130785.1:1542702-1560023	dereplication_representative										
GCF_009911265.1	NZ_QXXA01000009.1	103459.0	110782.0	11260.0	1	1	0	1	1	1	1	24	(-1, -1, -1, -1, -1, -1)	(5, 4, 3, 2, 1, 0)	NZ_LR130785.1:1542702-1560023	redundant										
GCF_900626285.1	NZ_LR131147.1	33945.0	44374.0	6254.0	1	1	0	1	0	0	0	290	(1, 1, 1)	(2, 1, 0)	NZ_LR131147.1:28945-49374	dereplication_representative										
GCF_901482605.1	NZ_LR590481.1	1927708.0	1934626.0	9397.0	1	1	0	1	0	1	1	195	(-1, -1, -1, -1, -1)	(4, 3, 2, 1, 0)	NZ_LR590481.1:1922708-1939626	dereplication_representative										
GCF_902387945.1	NZ_LR699010.1	1921565.0	1927585.0	5819.0	0	1	0	1	0	1	0	373	(-1, -1, -1)	(2, 1, 0)	NZ_LR699010.1:1916565-1932585	dereplication_representative										
GCF_001571775.1	NZ_LRVM01000006.1	145605.0	152022.0	3375.0	0	0	0	1	0	1	1	399	(1, -1, -1)	(2, 1, 0)	NZ_LRVM01000006.1:140605-157022	dereplication_representative										
GCF_900106845.1	NZ_LT629850.1	151086.0	159770.0	7899.0	1	1	0	1	1	0	0	231	(1, 1, 1, 1)	(3, 2, 1, 0)	NZ_LT629850.1:146086-164770	dereplication_representative										
GCF_900104675.1	NZ_LT629945.1	2223999.0	2228866.0	6258.0	1	1	0	1	0	0	0	288	(1, 1, 1)	(2, 1, 0)	NZ_LT629945.1:2218999-2233866	dereplication_representative										
GCF_900155545.1	NZ_LT732526.1	2845968.0	2850720.0	5954.0	0	1	0	1	0	1	0	340	(-1, -1, -1)	(2, 1, 0)	NZ_LT732526.1:2840968-2855720	dereplication_representative										
GCF_900205865.1	NZ_LT906662.1	67392.0	74775.0	10773.0	1	1	0	1	1	1	1	41	(-1, -1, -1, -1, -1, -1)	(5, 4, 3, 2, 1, 0)	NZ_LT906662.1:62392-79775	dereplication_representative										
GCF_900199635.1	NZ_LT962687.1	1490995.0	1496056.0	6214.0	1	1	0	1	0	0	0	307	(-1, -1, -1)	(2, 1, 0)	NZ_LT962687.1:1485995-1501056	dereplication_representative										
GCF_900199405.1	NZ_LT963430.1	1899529.0	1907258.0	8318.0	1	1	0	1	0	1	0	217	(1, 1, 1, 1)	(3, 2, 1, 0)	NZ_LT963430.1:1894529-1912258	dereplication_representative										
GCF_001594005.1	NZ_LTBA01000001.1	392462.0	399332.0	9606.0	1	1	0	1	0	1	1	91	(-1, -1, -1, -1, -1)	(4, 3, 2, 1, 0)	NZ_LTBA01000001.1:387462-404332	dereplication_representative										
GCF_001593985.1	NZ_LTBB01000001.1	43309.0	50138.0	9556.0	1	1	0	1	0	1	1	105	(-1, -1, -1, -1, -1)	(4, 3, 2, 1, 0)	NZ_LTBB01000001.1:38309-55138	dereplication_representative										
GCF_001623875.1	NZ_LWAE01000001.1	832539.0	839731.0	9489.0	1	1	0	1	0	1	1	137	(1, 1, 1, 1, 1)	(4, 3, 2, 1, 0)	NZ_LWAE01000001.1:827539-844731	dereplication_representative										
GCF_001655775.1	NZ_LXFF01000014.1	17687.0	24127.0	9292.0	1	1	0	1	0	1	1	208	(-1, -1, -1, -1, -1)	(4, 3, 2, 1, 0)	NZ_LXFF01000014.1:12687-29127	dereplication_representative										
GCF_001758365.1	NZ_LZFO01000032.1	12223.0	19052.0	9601.0	1	1	0	1	0	1	1	94	(-1, -1, -1, -1, -1)	(4, 3, 2, 1, 0)	NZ_LZFO01000032.1:7223-24052	dereplication_representative										
GCF_001940315.1	NZ_MJIF01000001.1	852509.0	861039.0	5921.0	0	1	0	1	0	1	0	356	(-1, -1, -1)	(2, 1, 0)	NZ_MJIF01000001.1:847509-866039	dereplication_representative										
GCF_001940245.1	NZ_MJIG01000003.1	270073.0	276885.0	5940.0	0	1	0	1	0	1	0	348	(1, 1, 1)	(2, 1, 0)	NZ_MJIG01000003.1:265073-281885	dereplication_representative										
GCF_002029235.1	NZ_MZGV01000008.1	62285.0	69336.0	9521.0	1	1	0	1	0	1	1	122	(1, 1, 1, 1, 1)	(4, 3, 2, 1, 0)	NZ_MZGV01000008.1:57285-74336	dereplication_representative										
GCF_002051585.1	NZ_MZGX01000020.1	10349.0	18459.0	10343.0	1	1	0	1	1	1	1	56	(1, 1, 1, 1, 1, 1)	(5, 4, 3, 2, 1, 0)	NZ_MZGX01000020.1:5349-23459	dereplication_representative										
GCF_002969215.1	NZ_NEMB01000003.1	3000213.0	3004653.0	5020.0	0	0	0	1	0	1	1	394	(-1, -1, -1)	(2, 1, 0)	NZ_NEMB01000003.1:2995213-3009653	dereplication_representative										
GCF_002159175.1	NZ_NFGZ01000003.1	187253.0	195884.0	6231.0	1	1	0	1	0	0	0	301	(-1, -1, -1)	(2, 1, 0)	NZ_NFGZ01000003.1:182253-200884	dereplication_representative										
GCF_002159465.1	NZ_NFIR01000007.1		8839.0	5876.0	0	1	0	1	0	1	0	370	(1, 1, 1)	(2, 1, 0)	NZ_NFIR01000007.1:1-13839	dereplication_representative	2644.0	1.0								
GCF_002161055.1	NZ_NFLT01000005.1	89842.0	93387.0	5261.0	0	0	0	1	0	1	1	378	(1, 1, 1)	(2, 1, 0)	NZ_NFLT01000005.1:84842-98387	dereplication_representative										
GCF_002161085.1	NZ_NFLU01000008.1	23861.0	37995.0	6641.0	1	1	1	1	0	0	0	259	(1, 1, 1, 1)	(3, 2, 1, 0)	NZ_NFLU01000008.1:18861-42995	dereplication_representative										
GCF_002161065.1	NZ_NFLV01000003.1	187260.0	193346.0	5882.0	0	1	0	1	0	1	0	367	(-1, -1, -1)	(2, 1, 0)	NZ_NFLV01000003.1:182260-198346	dereplication_representative										
GCF_002161175.1	NZ_NFMA01000005.1	42490.0	47389.0	6226.0	1	1	0	1	0	0	0	303	(-1, -1, -1)	(2, 1, 0)	NZ_NFMA01000005.1:37490-52389	dereplication_representative										
GCF_002161215.1	NZ_NFMB01000007.1	234145.0	244427.0	6312.0	1	1	0	1	0	0	0	277	(-1, -1, -1)	(2, 1, 0)	NZ_NFMB01000007.1:229145-249427	dereplication_representative										
GCF_002270055.1	NZ_NIBG01000001.1	41833.0	53998.0	11490.0	1	1	0	1	1	1	1	16	(1, 1, 1, 1, 1, 1)	(5, 4, 3, 2, 1, 0)	NZ_NIBG01000001.1:36833-58998	dereplication_representative										
GCF_002216005.1	NZ_NIQC01000018.1	34583.0	40402.0	6337.0	1	1	0	1	0	0	0	273	(-1, -1, -1)	(2, 1, 0)	NZ_NIQC01000018.1:29583-45402	dereplication_representative										
GCF_002250835.2	NZ_NOJY02000003.1	54947.0	63695.0	7925.0	1	1	0	1	1	0	0	228	(-1, -1, -1, -1)	(3, 2, 1, 0)	NZ_NOJY02000003.1:49947-68695	dereplication_representative										
GCF_002252565.1	NZ_NPML01000007.1	276849.0	289721.0	6561.0	1	1	0	1	0	0	0	266	(-1, -1, -1)	(2, 1, 0)	NZ_NPML01000007.1:271849-294721	dereplication_representative										
GCF_900205925.1	NZ_OAOD01000003.1	60143.0	67674.0	9505.0	1	1	0	1	0	1	1	130	(1, 1, 1, 1, 1)	(4, 3, 2, 1, 0)	NZ_OAOD01000003.1:55143-72674	dereplication_representative										
GCF_900205965.1	NZ_OAOF01000003.1	401680.0	406404.0	5944.0	0	1	0	1	0	1	0	347	(1, 1, 1)	(2, 1, 0)	NZ_OAOF01000003.1:396680-411404	dereplication_representative										
GCF_900205945.1	NZ_OAOH01000001.1	453437.0	464182.0	9573.0	1	1	0	1	0	1	1	99	(1, 1, 1, 1, 1)	(4, 3, 2, 1, 0)	NZ_OAOH01000001.1:448437-469182	dereplication_representative										
GCF_900240385.1	NZ_OEQH01000003.1	382811.0	387853.0	6306.0	1	1	0	1	0	0	0	279	(1, 1, 1)	(2, 1, 0)	NZ_OEQH01000003.1:377811-392853	dereplication_representative										
GCF_934924865.1	NZ_OW235315.1	873458.0	881380.0	11263.0	1	1	0	1	1	1	1	23	(1, 1, 1, 1, 1, 1)	(5, 4, 3, 2, 1, 0)	NZ_OW235315.1:868458-886380	dereplication_representative										
GCF_965140945.1	NZ_OZ223661.1	965803.0	976068.0	10836.0	1	1	0	1	1	1	1	39	(1, 1, 1, 1, 1, 1)	(5, 4, 3, 2, 1, 0)	NZ_OZ223661.1:960803-981068	dereplication_representative										
GCF_002735925.1	NZ_PEDL01000002.1	131692.0	135469.0	5249.0	0	0	0	1	0	1	1	379	(1, 1, 1)	(2, 1, 0)	NZ_PEDL01000002.1:126692-140469	dereplication_representative										
GCF_002796935.1	NZ_PETE01000002.1	3921231.0	3928539.0	9602.0	1	1	0	1	0	1	1	93	(1, 1, 1, 1, 1)	(4, 3, 2, 1, 0)	NZ_PETE01000002.1:3916231-3933539	dereplication_representative										
GCF_002899675.1	NZ_PKUU01000024.1	78223.0	82920.0	5899.0	0	1	0	1	0	1	0	364	(1, 1, 1)	(2, 1, 0)	NZ_PKUU01000024.1:73223-87920	dereplication_representative										
GCF_002964605.1	NZ_PQDH01000001.1	223422.0	231090.0	7495.0	0	1	0	1	0	1	1	250	(-1, -1, -1, -1)	(3, 2, 1, 0)	NZ_PQDH01000001.1:218422-236090	dereplication_representative										
GCF_002934545.1	NZ_PTJA01000001.1	684800.0	689568.0	5979.0	0	1	0	1	0	1	0	335	(1, 1, 1)	(2, 1, 0)	NZ_PTJA01000001.1:679800-694568	dereplication_representative										
GCF_013036995.1	NZ_JAAOXG010000088.1	32184.0	36953.0	5945.0	0	1	0	1	0	1	0	345	(1, 1, 1)	(2, 1, 0)	NZ_PTJA01000001.1:679800-694568	redundant										
GCF_048627165.1	NZ_JBMBWP010000002.1	1910090.0	1914859.0	5919.0	0	1	0	1	0	1	0	358	(-1, -1, -1)	(2, 1, 0)	NZ_PTJA01000001.1:679800-694568	redundant										
GCF_003024715.1	NZ_PYLO01000004.1	243048.0	247787.0	6018.0	0	1	0	1	0	1	0	325	(1, 1, 1)	(2, 1, 0)	NZ_PYLO01000004.1:238048-252787	dereplication_representative										
GCF_003208175.1	NZ_QKMR01000014.1	19947.0	28092.0	10370.0	1	1	0	1	1	1	1	54	(1, 1, 1, 1, 1, 1)	(5, 4, 3, 2, 1, 0)	NZ_QKMR01000014.1:14947-33092	dereplication_representative										
GCF_003337415.1	NZ_QPJT01000016.1	48305.0	56489.0	9589.0	1	1	0	1	0	1	1	96	(-1, -1, -1, -1, -1)	(4, 3, 2, 1, 0)	NZ_QPJT01000016.1:43305-61489	dereplication_representative										
GCF_003463065.1	NZ_QSCM01000004.1	152538.0	166007.0	6081.0	1	0	0	1	0	1	0	319	(-1, -1, -1)	(2, 1, 0)	NZ_QSCM01000004.1:147538-171007	dereplication_representative										
GCF_003477935.1	NZ_QUEH01000004.1	36282.0	40970.0	5921.0	0	1	0	1	0	1	0	355	(1, 1, 1)	(2, 1, 0)	NZ_QUEH01000004.1:31282-45970	dereplication_representative										
GCF_003478505.1	NZ_QUFI01000007.1	117309.0	121997.0	5878.0	0	1	0	1	0	1	0	368	(1, 1, 1)	(2, 1, 0)	NZ_QUFI01000007.1:112309-126997	dereplication_representative										
GCF_003480105.1	NZ_QUIK01000001.1	111368.0	116056.0	5913.0	0	1	0	1	0	1	0	360	(-1, -1, -1)	(2, 1, 0)	NZ_QUIK01000001.1:106368-121056	dereplication_representative										
GCF_003435515.1	NZ_QVME01000001.1	327244.0	332055.0	6195.0	1	1	0	1	0	0	0	311	(1, 1, 1)	(2, 1, 0)	NZ_QVME01000001.1:322244-337055	dereplication_representative										
GCF_009935845.1	NZ_QWEK01000015.1	70644.0	75922.0	6205.0	1	1	0	1	0	0	0	310	(-1, -1, -1)	(2, 1, 0)	NZ_QWEK01000015.1:65644-80922	dereplication_representative										
GCF_003435225.1	NZ_QWGJ01000001.1	164526.0	169504.0	5945.0	0	1	0	1	0	1	0	344	(1, 1, 1)	(2, 1, 0)	NZ_QWGJ01000001.1:159526-174504	dereplication_representative										
GCF_003752155.1	NZ_RJVG01000011.1	6339.0	17527.0	5174.0	0	1	0	1	0	1	0	383	(1, 1, 1)	(2, 1, 0)	NZ_RJVG01000011.1:1339-22527	dereplication_representative										
GCF_004102745.1	NZ_RLII01000004.1	99124.0	103584.0	5136.0	0	0	0	1	0	1	1	386	(-1, -1, -1)	(2, 1, 0)	NZ_RLII01000004.1:94124-108584	dereplication_representative										
GCF_004138105.1	NZ_RXHQ01000004.1	115366.0	122370.0	9793.0	1	1	0	1	0	1	1	81	(-1, -1, -1, -1, -1)	(4, 3, 2, 1, 0)	NZ_RXHQ01000004.1:110366-127370	dereplication_representative										
GCF_008086585.1	NZ_RXYD01000001.1	284141.0	293238.0	10137.0	1	1	0	1	0	1	1	60	(-1, -1, -1, -1, -1)	(4, 3, 2, 1, 0)	NZ_RXYD01000001.1:279141-298238	dereplication_representative										
GCF_004138215.1	NZ_RYYS01000042.1		11755.0	10686.0	1	1	0	1	0	1	1	43	(1, 1, 1, 1, 1)	(4, 3, 2, 1, 0)	NZ_RYYS01000042.1:1-16755	dereplication_representative	4792.0	1.0								
GCF_004134775.1	NZ_SDOZ01000003.1	234085.0	242035.0	8988.0	1	1	0	1	1	1	1	213	(-1, -1, -1, -1, -1, -1)	(5, 4, 3, 2, 1, 0)	NZ_SDOZ01000003.1:229085-247035	dereplication_representative										
GCF_004216775.1	NZ_SGXF01000001.1	1027093.0	1033963.0	5930.0	0	1	0	1	0	1	0	352	(-1, -1, -1)	(2, 1, 0)	NZ_SGXF01000001.1:1022093-1038963	dereplication_representative										
GCF_004345705.1	NZ_SLWV01000001.1	74936.0	82410.0	11662.0	1	1	0	1	1	1	1	10	(-1, -1, -1, -1, -1, -1)	(5, 4, 3, 2, 1, 0)	NZ_SLWV01000001.1:69936-87410	dereplication_representative										
GCF_004342165.1	NZ_SMAL01000001.1	69686.0	76900.0	6091.0	0	1	0	1	0	1	0	318	(1, 1, 1)	(2, 1, 0)	NZ_SMAL01000001.1:64686-81900	dereplication_representative										
GCF_004364155.1	NZ_SOAZ01000034.1		7442.0	7849.0	1	1	0	1	1	0	0	240	(-1, -1, -1, -1)	(3, 2, 1, 0)	NZ_SOAZ01000034.1:1-12442	dereplication_representative	964.0	1.0								
GCF_009910325.1	NZ_SUMG01000014.1	9602.0	16102.0	10680.0	1	1	0	1	1	1	1	44	(-1, -1, -1, -1, -1, -1)	(5, 4, 3, 2, 1, 0)	NZ_SUMG01000014.1:4602-21102	dereplication_representative										
GCF_900461065.1	NZ_UAVV01000002.1	573263.0	580087.0	9604.0	1	1	0	1	0	1	1	92	(1, 1, 1, 1, 1)	(4, 3, 2, 1, 0)	NZ_UAVV01000002.1:568263-585087	dereplication_representative										
GCF_900461105.1	NZ_UFWZ01000001.1	1897408.0	1904322.0	9527.0	1	1	0	1	0	1	1	117	(-1, -1, -1, -1, -1)	(4, 3, 2, 1, 0)	NZ_UFWZ01000001.1:1892408-1909322	dereplication_representative										
GCF_000703125.1	NZ_JNLN01000001.1	2869230.0	2876146.0	9485.0	1	1	0	1	0	1	1	140	(-1, -1, -1, -1, -1)	(4, 3, 2, 1, 0)	NZ_UFWZ01000001.1:1892408-1909322	redundant										
GCF_900626075.1	NZ_UYZY01000004.1	500079.0	504846.0	5933.0	0	1	0	1	0	1	0	351	(1, 1, 1)	(2, 1, 0)	NZ_UYZY01000004.1:495079-509846	dereplication_representative										
GCF_900626095.1	NZ_UYZZ01000002.1	278797.0	285916.0	7720.0	1	1	0	1	0	0	1	244	(-1, -1, -1, -1)	(3, 2, 1, 0)	NZ_UYZZ01000002.1:273797-290916	dereplication_representative										
GCF_006714885.1	NZ_VFMF01000001.1	361555.0	366367.0	6279.0	1	1	0	1	0	0	0	284	(-1, -1, -1)	(2, 1, 0)	NZ_VFMF01000001.1:356555-371367	dereplication_representative										
GCF_008274215.1	NZ_VTPS01000001.1	192334.0	198746.0	8696.0	0	1	0	1	1	1	1	214	(-1, -1, -1, -1, -1)	(4, 3, 2, 1, 0)	NZ_VTPS01000001.1:187334-203746	dereplication_representative										
GCF_009696465.1	NZ_VULX01000001.1	5531.0	12427.0	9431.0	1	1	0	1	0	1	1	180	(1, 1, 1, 1, 1)	(4, 3, 2, 1, 0)	NZ_VULX01000001.1:531-17427	dereplication_representative										
GCF_009696145.1	NZ_VUMO01000001.1	187883.0	192110.0	6623.0	1	1	0	1	0	0	0	261	(1, 1, 1)	(2, 1, 0)	NZ_VUMO01000001.1:182883-197110	dereplication_representative										
GCF_009696045.1	NZ_VUMT01000028.1			8639.0	0	1	0	4	0	1	0	215	(-1, -1, -1, -1, -1, -1)	(5, 4, 3, 2, 1, 0)	NZ_VUMT01000028.1:1-25361	dereplication_representative					2839.0	21282.0	[2839.0, 21282.0]	1.0	25361.0	[1.0, 25361.0]
GCF_009362815.1	NZ_WHNX01000002.1	204663.0	213214.0	9815.0	1	1	0	1	0	1	1	80	(1, 1, 1, 1, 1)	(4, 3, 2, 1, 0)	NZ_WHNX01000002.1:199663-218214	dereplication_representative										
GCF_014284395.1	NZ_WJBB01000011.1	83652.0	87827.0	6642.0	1	1	0	1	0	0	0	258	(1, 1, 1)	(2, 1, 0)	NZ_WJBB01000011.1:78652-92827	dereplication_representative										
GCF_008086595.1	NZ_RXYA01000011.1	77830.0	82005.0	6582.0	1	1	0	1	0	0	0	263	(1, 1, 1)	(2, 1, 0)	NZ_WJBB01000011.1:78652-92827	redundant										
GCF_014284495.1	NZ_WJBE01000008.1	87059.0	91357.0	6570.0	1	1	0	1	0	0	0	264	(1, 1, 1)	(2, 1, 0)	NZ_WJBE01000008.1:82059-96357	dereplication_representative										
GCF_009765695.1	NZ_WSLF01000005.1	52914.0	62411.0	9535.0	1	1	0	1	0	1	1	112	(1, 1, 1, 1, 1)	(4, 3, 2, 1, 0)	NZ_WSLF01000005.1:47914-67411	dereplication_representative										
