Organism	Scaffold	Start	End	Score	ctg16_37	ctg16_38	ctg16_39	ctg16_40	ctg16_41	ctg16_42	ctg16_43	Number	Strand	Layout_group	assembly_file	representative	dereplication_status
GCF_000016505.1	NC_009706.1	3198323	3205324	9391.0	1	1	0	1	0	1	1	197	(-1, -1, -1, -1, -1)	(4, 3, 2, 1, 0)	GCF_000016505.1.fasta.gz	NC_009706.1|3198323|3205324	dereplication_representative
GCF_000018325.1	NC_009922.1	1819042	1824364	8160.0	1	1	0	1	1	0	0	222	(-1, -1, -1, -1)	(3, 2, 1, 0)	GCF_000018325.1.fasta.gz	NC_009922.1|1819042|1824364	dereplication_representative
GCF_000019065.1	NC_010320.1	1489001	1496313	10924.0	1	1	0	1	1	1	1	36	(1, 1, 1, 1, 1, 1)	(5, 4, 3, 2, 1, 0)	GCF_000019065.1.fasta.gz	NC_010320.1|1489001|1496313	dereplication_representative
GCF_000018425.1	NC_010424.1	1417436	1434038	6386.0	0	1	0	2	0	1	1	270	(-1, -1, -1, -1, -1)	(4, 3, 2, 1, 0)	GCF_000018425.1.fasta.gz	NC_010424.1|1417436|1434038	dereplication_representative
GCF_000020005.1	NC_010718.1	1852974	1858849	6242.0	1	1	0	1	0	0	0	298	(-1, -1, -1)	(2, 1, 0)	GCF_000020005.1.fasta.gz	NC_010718.1|1852974|1858849	dereplication_representative
GCF_000022065.1	NC_011898.1	616871	624663	10429.0	1	1	0	1	1	1	1	50	(1, 1, 1, 1, 1, 1)	(5, 4, 3, 2, 1, 0)	GCF_000022065.1.fasta.gz	NC_011898.1|616871|624663	dereplication_representative
GCF_000025645.1	NC_013921.1	1062801	1070115	10952.0	1	1	0	1	1	1	1	34	(1, 1, 1, 1, 1, 1)	(5, 4, 3, 2, 1, 0)	GCF_000025645.1.fasta.gz	NC_013921.1|1062801|1070115	dereplication_representative
GCF_000145275.1	NC_014393.1	2478182	2485341	9248.0	1	1	0	1	0	1	1	210	(-1, -1, -1, -1, -1)	(4, 3, 2, 1, 0)	GCF_000145275.1.fasta.gz	NC_014393.1|2478182|2485341	dereplication_representative
GCF_000213255.1	NC_015520.1	958050	963860	7911.0	0	1	0	1	0	1	1	229	(1, 1, 1, 1)	(3, 2, 1, 0)	GCF_000213255.1.fasta.gz	NC_015520.1|958050|963860	dereplication_representative
GCF_000189775.2	NC_015555.1	1478768	1489465	9900.0	1	1	0	1	0	1	1	75	(-1, -1, -1, -1, -1)	(4, 3, 2, 1, 0)	GCF_000189775.2.fasta.gz	NC_015555.1|1478768|1489465	dereplication_representative
GCF_000237085.1	NC_016627.1	2438094	2442626	5196.0	0	0	0	1	0	1	1	381	(-1, -1, -1)	(2, 1, 0)	GCF_000237085.1.fasta.gz	NC_016627.1|2438094|2442626	dereplication_representative
GCF_000247605.1	NC_016894.1	1518939	1523141	6561.0	1	1	0	1	0	0	0	265	(1, 1, 1)	(2, 1, 0)	GCF_000247605.1.fasta.gz	NC_016894.1|1518939|1523141	dereplication_representative
GCF_000307585.2	NC_017992.1	1754452	1761295	9865.0	1	1	0	1	0	1	1	77	(1, 1, 1, 1, 1)	(4, 3, 2, 1, 0)	GCF_000307585.2.fasta.gz	NC_017992.1|1754452|1761295	dereplication_representative
GCF_036763025.1	NZ_JBAIYY010000001.1	17954	24803	9881.0	1	1	0	1	0	1	1	76	(-1, -1, -1, -1, -1)	(4, 3, 2, 1, 0)	GCF_036763025.1.fasta.gz	NC_017992.1|1754452|1761295	redundant
GCF_028895185.1	NZ_JAEUWW010000001.1	897469	904313	9932.0	1	1	0	1	0	1	1	72	(-1, -1, -1, -1, -1)	(4, 3, 2, 1, 0)	GCF_028895185.1.fasta.gz	NC_017992.1|1754452|1761295	redundant
GCF_000389635.1	NC_021182.1	2343623	2350770	9450.0	1	1	0	1	0	1	1	172	(1, 1, 1, 1, 1)	(4, 3, 2, 1, 0)	GCF_000389635.1.fasta.gz	NC_021182.1|2343623|2350770	dereplication_representative
GCF_000169255.2	NZ_AAXG02000012.1	158845	168475	6278.0	1	1	0	1	0	0	0	285	(-1, -1, -1)	(2, 1, 0)	GCF_000169255.2.fasta.gz	NZ_AAXG02000012.1|158845|168475	dereplication_representative
GCF_000300195.1	NZ_AMQH01000006.1	374099	381023	9612.0	1	1	0	1	0	1	1	88	(-1, -1, -1, -1, -1)	(4, 3, 2, 1, 0)	GCF_000300195.1.fasta.gz	NZ_AMQH01000006.1|374099|381023	dereplication_representative
GCF_014218335.1	NZ_AP023367.1	1231730	1239141	5819.0	0	1	0	1	0	1	0	372	(1, 1, 1)	(2, 1, 0)	GCF_014218335.1.fasta.gz	NZ_AP023367.1|1231730|1239141	dereplication_representative
GCF_016591975.1	NZ_AP024169.1	1429390	1436782	5944.0	0	1	0	1	0	1	0	346	(1, 1, 1)	(2, 1, 0)	GCF_016591975.1.fasta.gz	NZ_AP024169.1|1429390|1436782	dereplication_representative
GCF_047150065.1	NZ_AP027090.1	2744870	2751367	9511.0	1	1	0	1	0	1	1	126	(-1, -1, -1, -1, -1)	(4, 3, 2, 1, 0)	GCF_047150065.1.fasta.gz	NZ_AP027090.1|2744870|2751367	dereplication_representative
GCF_002355795.1	NZ_AP017630.1	2264092	2270589	9513.0	1	1	0	1	0	1	1	125	(-1, -1, -1, -1, -1)	(4, 3, 2, 1, 0)	GCF_002355795.1.fasta.gz	NZ_AP027090.1|2744870|2751367	redundant
GCF_033097505.1	NZ_AP028654.1	1680102	1687185	11792.0	1	1	0	1	1	1	1	6	(-1, -1, -1, -1, -1, -1)	(5, 4, 3, 2, 1, 0)	GCF_033097505.1.fasta.gz	NZ_AP028654.1|1680102|1687185	dereplication_representative
GCF_042848755.1	NZ_AP031438.1	1471174	1476774	6253.0	1	1	0	1	0	0	0	291	(-1, -1, -1)	(2, 1, 0)	GCF_042848755.1.fasta.gz	NZ_AP031438.1|1471174|1476774	dereplication_representative
GCF_045865195.1	NZ_AP031606.1	2267635	2274793	9565.0	1	1	0	1	0	1	1	103	(-1, -1, -1, -1, -1)	(4, 3, 2, 1, 0)	GCF_045865195.1.fasta.gz	NZ_AP031606.1|2267635|2274793	dereplication_representative
GCF_000421965.1	NZ_ATAY01000011.1	6298	14002	10281.0	1	1	0	1	1	1	1	57	(1, 1, 1, 1, 1, 1)	(5, 4, 3, 2, 1, 0)	GCF_000421965.1.fasta.gz	NZ_ATAY01000011.1|6298|14002	dereplication_representative
GCF_029318685.1	NZ_CP119677.1	1795576	1803326	10429.0	1	1	0	1	1	1	1	51	(1, 1, 1, 1, 1, 1)	(5, 4, 3, 2, 1, 0)	GCF_029318685.1.fasta.gz	NZ_ATAY01000011.1|6298|14002	redundant
GCF_000244875.1	NC_016791.1	1824208	1831968	10399.0	1	1	0	1	1	1	1	53	(1, 1, 1, 1, 1, 1)	(5, 4, 3, 2, 1, 0)	GCF_000244875.1.fasta.gz	NZ_ATAY01000011.1|6298|14002	redundant
GCF_039521365.1	NZ_BAAACF010000012.1	203400	210257	7716.0	1	1	0	1	0	0	1	245	(-1, -1, -1, -1)	(3, 2, 1, 0)	GCF_039521365.1.fasta.gz	NZ_BAAACF010000012.1|203400|210257	dereplication_representative
GCF_039521565.1	NZ_BAAACP010000006.1	140604	146307	7807.0	1	1	0	1	1	0	0	242	(1, 1, 1, 1)	(3, 2, 1, 0)	GCF_039521565.1.fasta.gz	NZ_BAAACP010000006.1|140604|146307	dereplication_representative
GCF_042845895.1	NZ_BAABYN010000001.1	2990959	2997730	5937.0	0	1	0	1	0	1	0	349	(-1, -1, -1)	(2, 1, 0)	GCF_042845895.1.fasta.gz	NZ_BAABYN010000001.1|2990959|2997730	dereplication_representative
GCF_042848345.1	NZ_BAABZE010000001.1	5323325	5328070	6004.0	0	1	0	1	0	1	0	328	(-1, -1, -1)	(2, 1, 0)	GCF_042848345.1.fasta.gz	NZ_BAABZE010000001.1|5323325|5328070	dereplication_representative
GCF_027696135.1	NZ_JAQETU010000021.1	46809	51554	6024.0	0	1	0	1	0	1	0	324	(-1, -1, -1)	(2, 1, 0)	GCF_027696135.1.fasta.gz	NZ_BAABZE010000001.1|5323325|5328070	redundant
GCF_042846325.1	NZ_BAABZG010000001.1	2210185	2221081	6258.0	1	1	0	1	0	0	0	289	(1, 1, 1)	(2, 1, 0)	GCF_042846325.1.fasta.gz	NZ_BAABZG010000001.1|2210185|2221081	dereplication_representative
GCF_001311925.1	NZ_BBCG01000019.1	17620	21498	4922.0	0	0	0	1	0	1	1	396	(-1, -1, -1)	(2, 1, 0)	GCF_001311925.1.fasta.gz	NZ_BBCG01000019.1|17620|21498	dereplication_representative
GCF_001748365.1	NZ_BDHH01000005.1	4494	8565	7626.0	0	0	0	1	1	1	1	247	(1, 1, 1, 1)	(3, 2, 1, 0)	GCF_001748365.1.fasta.gz	NZ_BDHH01000005.1|4494|8565	dereplication_representative
GCF_002724055.1	NZ_BDQY01000002.1	57404	65369	11144.0	1	1	0	1	1	1	1	31	(1, 1, 1, 1, 1, 1)	(5, 4, 3, 2, 1, 0)	GCF_002724055.1.fasta.gz	NZ_BDQY01000002.1|57404|65369	dereplication_representative
GCF_017312485.1	NZ_BMBA01000001.1	1204040	1210812	9452.0	1	1	0	1	0	1	1	168	(-1, -1, -1, -1, -1)	(4, 3, 2, 1, 0)	GCF_017312485.1.fasta.gz	NZ_BMBA01000001.1|1204040|1210812	dereplication_representative
GCF_014193895.1	NZ_BLZR01000001.1	3256981	3263758	9466.0	1	1	0	1	0	1	1	151	(-1, -1, -1, -1, -1)	(4, 3, 2, 1, 0)	GCF_014193895.1.fasta.gz	NZ_BMBA01000001.1|1204040|1210812	redundant
GCF_016595795.1	NZ_JAENHN010000006.1	91272	98052	9459.0	1	1	0	1	0	1	1	157	(-1, -1, -1, -1, -1)	(4, 3, 2, 1, 0)	GCF_016595795.1.fasta.gz	NZ_BMBA01000001.1|1204040|1210812	redundant
GCF_018332455.1	NZ_BOPZ01000008.1	44701	51714	9545.0	1	1	0	1	0	1	1	110	(1, 1, 1, 1, 1)	(4, 3, 2, 1, 0)	GCF_018332455.1.fasta.gz	NZ_BOPZ01000008.1|44701|51714	dereplication_representative
GCF_022834975.1	NZ_BQNK01000001.1	1171699	1176472	6028.0	0	1	0	1	0	1	0	323	(1, 1, 1)	(2, 1, 0)	GCF_022834975.1.fasta.gz	NZ_BQNK01000001.1|1171699|1176472	dereplication_representative
GCF_024341925.1	NZ_BQXZ01000002.1	837867	844644	9433.0	1	1	0	1	0	1	1	178	(1, 1, 1, 1, 1)	(4, 3, 2, 1, 0)	GCF_024341925.1.fasta.gz	NZ_BQXZ01000002.1|837867|844644	dereplication_representative
GCF_024345225.1	NZ_BROD01000001.1	1375321	1382172	9423.0	1	1	0	1	0	1	1	187	(1, 1, 1, 1, 1)	(4, 3, 2, 1, 0)	GCF_024345225.1.fasta.gz	NZ_BROD01000001.1|1375321|1382172	dereplication_representative
GCF_039545435.1	NZ_BRPJ01000046.1	21987	26755	5952.0	0	1	0	1	0	1	0	341	(-1, -1, -1)	(2, 1, 0)	GCF_039545435.1.fasta.gz	NZ_BRPJ01000046.1|21987|26755	dereplication_representative
GCF_026012015.1	NZ_BRXR01000001.1	41554	48471	9505.0	1	1	0	1	0	1	1	131	(-1, -1, -1, -1, -1)	(4, 3, 2, 1, 0)	GCF_026012015.1.fasta.gz	NZ_BRXR01000001.1|41554|48471	dereplication_representative
GCF_902143515.1	NZ_CABFVD010000001.1	114358	121386	9521.0	1	1	0	1	0	1	1	121	(-1, -1, -1, -1, -1)	(4, 3, 2, 1, 0)	GCF_902143515.1.fasta.gz	NZ_CABFVD010000001.1|114358|121386	dereplication_representative
GCF_902374755.1	NZ_CABKRL010000001.1	762143	769229	9405.0	1	1	0	1	0	1	1	192	(-1, -1, -1, -1, -1)	(4, 3, 2, 1, 0)	GCF_902374755.1.fasta.gz	NZ_CABKRL010000001.1|762143|769229	dereplication_representative
GCF_010692705.1	NZ_JAAGPU010000003.1	70116	77211	9434.0	1	1	0	1	0	1	1	176	(-1, -1, -1, -1, -1)	(4, 3, 2, 1, 0)	GCF_010692705.1.fasta.gz	NZ_CABKRL010000001.1|762143|769229	redundant
GCF_902375375.1	NZ_CABKTN010000007.1	926951	933826	9628.0	1	1	0	1	0	1	1	84	(-1, -1, -1, -1, -1)	(4, 3, 2, 1, 0)	GCF_902375375.1.fasta.gz	NZ_CABKTN010000007.1|926951|933826	dereplication_representative
GCF_902376185.1	NZ_CABKWO010000005.1	1115119	1121623	9413.0	1	1	0	1	0	1	1	191	(1, 1, 1, 1, 1)	(4, 3, 2, 1, 0)	GCF_902376185.1.fasta.gz	NZ_CABKWO010000005.1|1115119|1121623	dereplication_representative
GCF_902377545.1	NZ_CABLCB010000083.1	376971	383904	9399.0	1	1	0	1	0	1	1	194	(1, 1, 1, 1, 1)	(4, 3, 2, 1, 0)	GCF_902377545.1.fasta.gz	NZ_CABLCB010000083.1|376971|383904	dereplication_representative
GCF_902386815.1	NZ_CABMKD010000012.1	1599551	1605064	6218.0	1	1	0	1	0	0	0	305	(-1, -1, -1)	(2, 1, 0)	GCF_902386815.1.fasta.gz	NZ_CABMKD010000012.1|1599551|1605064	dereplication_representative
GCF_902386895.1	NZ_CABMKL010000001.1	2240290	2244987	5951.0	0	1	0	1	0	1	0	342	(1, 1, 1)	(2, 1, 0)	GCF_902386895.1.fasta.gz	NZ_CABMKL010000001.1|2240290|2244987	dereplication_representative
GCF_902386975.1	NZ_CABMKM010000004.1	597220	602040	6291.0	1	1	0	1	0	0	0	282	(-1, -1, -1)	(2, 1, 0)	GCF_902386975.1.fasta.gz	NZ_CABMKM010000004.1|597220|602040	dereplication_representative
GCF_943192995.1	NZ_CALPCP010000015.1	57561	64144	6246.0	1	1	0	1	0	0	0	296	(-1, -1, -1)	(2, 1, 0)	GCF_943192995.1.fasta.gz	NZ_CALPCP010000015.1|57561|64144	dereplication_representative
GCF_943193115.1	NZ_CALPCY010000007.1	93434	98187	5803.0	0	1	0	1	0	1	0	374	(-1, -1, -1)	(2, 1, 0)	GCF_943193115.1.fasta.gz	NZ_CALPCY010000007.1|93434|98187	dereplication_representative
GCF_943736985.1	NZ_CALSFS010000005.1	9922	17030	9551.0	1	1	0	1	0	1	1	107	(-1, -1, -1, -1, -1)	(4, 3, 2, 1, 0)	GCF_943736985.1.fasta.gz	NZ_CALSFS010000005.1|9922|17030	dereplication_representative
GCF_947381515.1	NZ_CANCWE010000007.1	108409	115488	9516.0	1	1	0	1	0	1	1	124	(-1, -1, -1, -1, -1)	(4, 3, 2, 1, 0)	GCF_947381515.1.fasta.gz	NZ_CANCWE010000007.1|108409|115488	dereplication_representative
GCF_947568225.1	NZ_CANOOQ010000001.1	853204	858025	6301.0	1	1	0	1	0	0	0	280	(1, 1, 1)	(2, 1, 0)	GCF_947568225.1.fasta.gz	NZ_CANOOQ010000001.1|853204|858025	dereplication_representative
GCF_964238185.1	NZ_CAXSLG010000003.1	94100	98820	5984.0	0	1	0	1	0	1	0	334	(-1, -1, -1)	(2, 1, 0)	GCF_964238185.1.fasta.gz	NZ_CAXSLG010000003.1|94100|98820	dereplication_representative
GCF_964246085.1	NZ_CAXTPD010000001.1	156446	161134	5885.0	0	1	0	1	0	1	0	366	(1, 1, 1)	(2, 1, 0)	GCF_964246085.1.fasta.gz	NZ_CAXTPD010000001.1|156446|161134	dereplication_representative
GCF_964259345.1	NZ_CAXVJR010000007.1	17308	23009	7880.0	1	1	0	1	1	0	0	233	(-1, -1, -1, -1)	(3, 2, 1, 0)	GCF_964259345.1.fasta.gz	NZ_CAXVJR010000007.1|17308|23009	dereplication_representative
GCF_900002825.1	NZ_CDAA01000001.1	3201790	3208239	7860.0	1	1	0	1	1	0	0	238	(-1, -1, -1, -1)	(3, 2, 1, 0)	GCF_900002825.1.fasta.gz	NZ_CDAA01000001.1|3201790|3208239	dereplication_representative
GCF_024723825.1	NZ_JANQBQ010000001.1	1921015	1927465	7876.0	1	1	0	1	1	0	0	235	(-1, -1, -1, -1)	(3, 2, 1, 0)	GCF_024723825.1.fasta.gz	NZ_CDAA01000001.1|3201790|3208239	redundant
GCF_027853495.1	NZ_JAPNNV010000006.1	22583	29035	7878.0	1	1	0	1	1	0	0	234	(-1, -1, -1, -1)	(3, 2, 1, 0)	GCF_027853495.1.fasta.gz	NZ_CDAA01000001.1|3201790|3208239	redundant
GCF_000709435.1	NZ_CP008713.1	935677	944256	9281.0	1	1	0	1	0	1	1	209	(-1, -1, -1, -1, -1)	(4, 3, 2, 1, 0)	GCF_000709435.1.fasta.gz	NZ_CP008713.1|935677|944256	dereplication_representative
GCF_001042715.1	NZ_CP009687.1	1790987	1798651	11310.0	1	1	0	1	1	1	1	19	(1, 1, 1, 1, 1, 1)	(5, 4, 3, 2, 1, 0)	GCF_001042715.1.fasta.gz	NZ_CP009687.1|1790987|1798651	dereplication_representative
GCF_000968375.1	NZ_CP009933.1	5274198	5281298	9462.0	1	1	0	1	0	1	1	154	(1, 1, 1, 1, 1)	(4, 3, 2, 1, 0)	GCF_000968375.1.fasta.gz	NZ_CP009933.1|5274198|5281298	dereplication_representative
GCF_003096175.1	NZ_CP020953.1	4661854	4668955	9477.0	1	1	0	1	0	1	1	145	(-1, -1, -1, -1, -1)	(4, 3, 2, 1, 0)	GCF_003096175.1.fasta.gz	NZ_CP009933.1|5274198|5281298	redundant
GCF_001038625.1	NZ_CP011803.1	3836070	3843170	9495.0	1	1	0	1	0	1	1	132	(-1, -1, -1, -1, -1)	(4, 3, 2, 1, 0)	GCF_001038625.1.fasta.gz	NZ_CP009933.1|5274198|5281298	redundant
GCF_033561535.1	NZ_CP131467.1	5560724	5567835	9479.0	1	1	0	1	0	1	1	143	(-1, -1, -1, -1, -1)	(4, 3, 2, 1, 0)	GCF_033561535.1.fasta.gz	NZ_CP009933.1|5274198|5281298	redundant
GCF_001886775.1	NZ_CP013242.1	772	6818	7434.0	0	1	0	1	0	1	1	251	(1, 1, 1, 1)	(3, 2, 1, 0)	GCF_001886775.1.fasta.gz	NZ_CP013242.1|772|6818	dereplication_representative
GCF_900447155.1	NZ_UFWX01000001.1	3451797	3458909	9457.0	1	1	0	1	0	1	1	162	(-1, -1, -1, -1, -1)	(4, 3, 2, 1, 0)	GCF_900447155.1.fasta.gz	NZ_CP013242.1|772|6818	readded_by_content
GCF_001889365.1	NZ_CP013296.1	559240	566367	9506.0	1	1	0	1	0	1	1	129	(-1, -1, -1, -1, -1)	(4, 3, 2, 1, 0)	GCF_001889365.1.fasta.gz	NZ_CP013242.1|772|6818	redundant
GCF_002074155.1	NZ_CP014176.1	1737288	1744391	9546.0	1	1	0	1	0	1	1	109	(1, 1, 1, 1, 1)	(4, 3, 2, 1, 0)	GCF_002074155.1.fasta.gz	NZ_CP014176.1|1737288|1744391	dereplication_representative
GCF_001697285.1	NZ_CP014673.1	2436851	2440592	5079.0	0	0	0	1	0	1	1	392	(-1, -1, -1)	(2, 1, 0)	GCF_001697285.1.fasta.gz	NZ_CP014673.1|2436851|2440592	dereplication_representative
GCF_001750685.1	NZ_CP017269.1	5667732	5675251	11615.0	1	1	0	1	1	1	1	12	(1, 1, 1, 1, 1, 1)	(5, 4, 3, 2, 1, 0)	GCF_001750685.1.fasta.gz	NZ_CP017269.1|5667732|5675251	dereplication_representative
GCF_001854185.1	NZ_CP017603.1	3131769	3139393	11318.0	1	1	0	1	1	1	1	18	(1, 1, 1, 1, 1, 1)	(5, 4, 3, 2, 1, 0)	GCF_001854185.1.fasta.gz	NZ_CP017603.1|3131769|3139393	dereplication_representative
GCF_002874775.1	NZ_CP020991.1	2609584	2614848	5140.0	0	0	0	1	0	1	1	385	(1, 1, 1)	(2, 1, 0)	GCF_002874775.1.fasta.gz	NZ_CP020991.1|2609584|2614848	dereplication_representative
GCF_002896855.1	NZ_CP021850.1	1708364	1718559	9623.0	1	1	0	1	0	1	1	85	(1, 1, 1, 1, 1)	(4, 3, 2, 1, 0)	GCF_002896855.1.fasta.gz	NZ_CP021850.1|1708364|1718559	dereplication_representative
GCF_004015185.1	NZ_CP025746.1	2193163	2199965	9436.0	1	1	0	1	0	1	1	175	(1, 1, 1, 1, 1)	(4, 3, 2, 1, 0)	GCF_004015185.1.fasta.gz	NZ_CP025746.1|2193163|2199965	dereplication_representative
GCF_009928445.1	NZ_JAABNO010000002.1	329524	336327	9450.0	1	1	0	1	0	1	1	171	(1, 1, 1, 1, 1)	(4, 3, 2, 1, 0)	GCF_009928445.1.fasta.gz	NZ_CP025746.1|2193163|2199965	redundant
GCF_003047205.1	NZ_CP028491.1	2282911	2297684	7907.0	1	1	0	1	0	1	1	230	(-1, -1, -1, -1, -1)	(4, 3, 2, 1, 0)	GCF_003047205.1.fasta.gz	NZ_CP028491.1|2282911|2297684	dereplication_representative
GCF_003254825.1	NZ_CP030018.1	880844	888029	9458.0	1	1	0	1	0	1	1	158	(1, 1, 1, 1, 1)	(4, 3, 2, 1, 0)	GCF_003254825.1.fasta.gz	NZ_CP030018.1|880844|888029	dereplication_representative
GCF_003600355.1	NZ_CP032416.1	963496	970397	9491.0	1	1	0	1	0	1	1	135	(1, 1, 1, 1, 1)	(4, 3, 2, 1, 0)	GCF_003600355.1.fasta.gz	NZ_CP032416.1|963496|970397	dereplication_representative
GCF_008807835.1	NZ_CP032452.1	2758014	2763712	7870.0	1	1	0	1	1	0	0	237	(1, 1, 1, 1)	(3, 2, 1, 0)	GCF_008807835.1.fasta.gz	NZ_CP032452.1|2758014|2763712	dereplication_representative
GCF_003718715.1	NZ_CP033465.1	2012669	2019681	9430.0	1	1	0	1	0	1	1	182	(-1, -1, -1, -1, -1)	(4, 3, 2, 1, 0)	GCF_003718715.1.fasta.gz	NZ_CP033465.1|2012669|2019681	dereplication_representative
GCF_004103695.1	NZ_CP035280.1	852020	858861	9607.0	1	1	0	1	0	1	1	89	(1, 1, 1, 1, 1)	(4, 3, 2, 1, 0)	GCF_004103695.1.fasta.gz	NZ_CP035280.1|852020|858861	dereplication_representative
GCF_006016075.1	NZ_CP040093.1	616298	623137	9967.0	1	1	0	1	0	1	1	68	(-1, -1, -1, -1, -1)	(4, 3, 2, 1, 0)	GCF_006016075.1.fasta.gz	NZ_CP040093.1|616298|623137	dereplication_representative
GCF_005886215.1	NZ_CP040506.1	4444085	4448800	6014.0	0	1	0	1	0	1	0	326	(1, 1, 1)	(2, 1, 0)	GCF_005886215.1.fasta.gz	NZ_CP040506.1|4444085|4448800	dereplication_representative
GCF_006351925.1	NZ_CP040924.1	1662211	1669073	9506.0	1	1	0	1	0	1	1	128	(1, 1, 1, 1, 1)	(4, 3, 2, 1, 0)	GCF_006351925.1.fasta.gz	NZ_CP040924.1|1662211|1669073	dereplication_representative
GCF_008152325.1	NZ_CP042243.1	1379749	1387241	11775.0	1	1	0	1	1	1	1	7	(1, 1, 1, 1, 1, 1)	(5, 4, 3, 2, 1, 0)	GCF_008152325.1.fasta.gz	NZ_CP042243.1|1379749|1387241	dereplication_representative
GCF_022539405.1	NZ_CP054394.1	1661750	1667083	6213.0	1	1	0	1	0	0	0	308	(-1, -1, -1)	(2, 1, 0)	GCF_022539405.1.fasta.gz	NZ_CP054394.1|1661750|1667083	dereplication_representative
GCF_014467015.1	NZ_CP058559.1	2764531	2783262	10057.0	1	1	0	1	1	1	1	64	(1, 1, 1, -1, 1, 1)	(5, 4, 3, 2, 1, 0)	GCF_014467015.1.fasta.gz	NZ_CP058559.1|2764531|2783262	dereplication_representative
GCF_018141425.1	NZ_CP058561.1	4799268	4806533	6001.0	0	1	0	1	0	1	0	330	(1, 1, 1)	(2, 1, 0)	GCF_018141425.1.fasta.gz	NZ_CP058561.1|4799268|4806533	dereplication_representative
GCF_018141405.1	NZ_CP058648.1	2755756	2765846	10448.0	1	1	0	1	0	1	1	48	(-1, -1, -1, -1, -1)	(4, 3, 2, 1, 0)	GCF_018141405.1.fasta.gz	NZ_CP058648.1|2755756|2765846	dereplication_representative
GCF_018141445.1	NZ_CP058649.1	3813729	3822702	6109.0	0	1	0	1	0	1	0	317	(-1, -1, -1)	(2, 1, 0)	GCF_018141445.1.fasta.gz	NZ_CP058649.1|3813729|3822702	dereplication_representative
GCF_013781885.1	NZ_CP059378.1	3021409	3028355	9440.0	1	1	0	1	0	1	1	174	(-1, -1, -1, -1, -1)	(4, 3, 2, 1, 0)	GCF_013781885.1.fasta.gz	NZ_CP059378.1|3021409|3028355	dereplication_representative
GCF_035905475.1	NZ_CP121166.1	1916554	1923637	9457.0	1	1	0	1	0	1	1	161	(-1, -1, -1, -1, -1)	(4, 3, 2, 1, 0)	GCF_035905475.1.fasta.gz	NZ_CP059378.1|3021409|3028355	redundant
GCF_017357865.1	NZ_CP060096.1	1523723	1530520	10005.0	1	1	0	1	0	1	1	66	(-1, -1, -1, -1, -1)	(4, 3, 2, 1, 0)	GCF_017357865.1.fasta.gz	NZ_CP060096.1|1523723|1530520	dereplication_representative
GCF_014303955.1	NZ_CP060286.1	550054	554812	6307.0	1	1	0	1	0	0	0	278	(-1, -1, -1)	(2, 1, 0)	GCF_014303955.1.fasta.gz	NZ_CP060286.1|550054|554812	dereplication_representative
GCF_014337195.1	NZ_CP060634.1	1424268	1428975	6052.0	0	1	0	1	0	1	0	321	(-1, -1, -1)	(2, 1, 0)	GCF_014337195.1.fasta.gz	NZ_CP060634.1|1424268|1428975	dereplication_representative
GCF_021044755.1	NZ_JAJNOR010000002.1	153101	157808	6013.0	0	1	0	1	0	1	0	327	(-1, -1, -1)	(2, 1, 0)	GCF_021044755.1.fasta.gz	NZ_CP060634.1|1424268|1428975	redundant
GCF_014467055.1	NZ_CP060696.1	1179204	1189289	3164.0	0	0	0	1	0	1	1	400	(1, 1, -1)	(5, 4, 3)	GCF_014467055.1.fasta.gz	NZ_CP060696.1|1179204|1189289	dereplication_representative
GCF_014467055.1	NZ_CP060696.1	1391879	1396903	6328.0	1	1	0	1	0	0	0	274	(-1, -1, -1)	(2, 1, 0)	GCF_014467055.1.fasta.gz	NZ_CP060696.1|1391879|1396903	dereplication_representative
GCF_005473905.2	NZ_CP061336.1	2630868	2639200	10406.0	1	1	0	1	1	1	1	52	(-1, -1, -1, -1, -1, -1)	(5, 4, 3, 2, 1, 0)	GCF_005473905.2.fasta.gz	NZ_CP061336.1|2630868|2639200	dereplication_representative
GCF_016071375.1	NZ_CP063816.1	1307198	1314043	9468.0	1	1	0	1	0	1	1	150	(-1, -1, -1, -1, -1)	(4, 3, 2, 1, 0)	GCF_016071375.1.fasta.gz	NZ_CP063816.1|1307198|1314043	dereplication_representative
GCF_017100085.1	NZ_CP063965.1	1604869	1611719	9447.0	1	1	0	1	0	1	1	173	(-1, -1, -1, -1, -1)	(4, 3, 2, 1, 0)	GCF_017100085.1.fasta.gz	NZ_CP063816.1|1307198|1314043	redundant
GCF_000204565.1	NC_015425.1	1172810	1179660	9452.0	1	1	0	1	0	1	1	167	(1, 1, 1, 1, 1)	(4, 3, 2, 1, 0)	GCF_000204565.1.fasta.gz	NZ_CP063816.1|1307198|1314043	redundant
GCF_016906045.1	NZ_CP070235.1	2933123	2937987	5934.0	0	1	0	1	0	1	0	350	(-1, -1, -1)	(2, 1, 0)	GCF_016906045.1.fasta.gz	NZ_CP070235.1|2933123|2937987	dereplication_representative
GCF_020911725.1	NZ_CP076620.1	1533044	1539918	8254.0	1	1	0	1	0	1	0	219	(1, 1, 1, 1)	(3, 2, 1, 0)	GCF_020911725.1.fasta.gz	NZ_CP076620.1|1533044|1539918	dereplication_representative
GCF_019203185.1	NZ_CP078093.1	2373195	2380631	11643.0	1	1	0	1	1	1	1	11	(1, 1, 1, 1, 1, 1)	(5, 4, 3, 2, 1, 0)	GCF_019203185.1.fasta.gz	NZ_CP078093.1|2373195|2380631	dereplication_representative
GCF_020736365.1	NZ_CP085988.1	3385709	3390627	6003.0	0	1	0	1	0	1	0	329	(-1, -1, -1)	(2, 1, 0)	GCF_020736365.1.fasta.gz	NZ_CP085988.1|3385709|3390627	dereplication_representative
GCF_026650965.1	NZ_CP086237.1	4457510	4464406	9451.0	1	1	0	1	0	1	1	170	(1, 1, 1, 1, 1)	(4, 3, 2, 1, 0)	GCF_026650965.1.fasta.gz	NZ_CP086237.1|4457510|4464406	dereplication_representative
GCF_018861905.1	NZ_JAHLDU010000010.1	78708	85605	9402.0	1	1	0	1	0	1	1	193	(1, 1, 1, 1, 1)	(4, 3, 2, 1, 0)	GCF_018861905.1.fasta.gz	NZ_CP086237.1|4457510|4464406	readded_by_score
GCF_018861865.1	NZ_JAHLDV010000003.1	81880	88776	9483.0	1	1	0	1	0	1	1	141	(-1, -1, -1, -1, -1)	(4, 3, 2, 1, 0)	GCF_018861865.1.fasta.gz	NZ_CP086237.1|4457510|4464406	redundant
GCF_018861795.1	NZ_JAHLDR010000001.1	341035	347932	9481.0	1	1	0	1	0	1	1	142	(1, 1, 1, 1, 1)	(4, 3, 2, 1, 0)	GCF_018861795.1.fasta.gz	NZ_CP086237.1|4457510|4464406	redundant
GCF_020443575.1	NZ_JAIZZY010000004.1	211524	218421	9471.0	1	1	0	1	0	1	1	147	(1, 1, 1, 1, 1)	(4, 3, 2, 1, 0)	GCF_020443575.1.fasta.gz	NZ_CP086237.1|4457510|4464406	redundant
GCF_026650925.1	NZ_CP086147.1	3237009	3243906	9461.0	1	1	0	1	0	1	1	155	(1, 1, 1, 1, 1)	(4, 3, 2, 1, 0)	GCF_026650925.1.fasta.gz	NZ_CP086237.1|4457510|4464406	redundant
GCF_026651005.1	NZ_CP086243.1	3602756	3609653	9455.0	1	1	0	1	0	1	1	163	(-1, -1, -1, -1, -1)	(4, 3, 2, 1, 0)	GCF_026651005.1.fasta.gz	NZ_CP086237.1|4457510|4464406	redundant
GCF_030585465.1	NZ_CP077615.1	3153519	3160416	9462.0	1	1	0	1	0	1	1	153	(-1, -1, -1, -1, -1)	(4, 3, 2, 1, 0)	GCF_030585465.1.fasta.gz	NZ_CP086237.1|4457510|4464406	redundant
GCF_030585505.1	NZ_CP077610.1	2266100	2272996	9454.0	1	1	0	1	0	1	1	165	(-1, -1, -1, -1, -1)	(4, 3, 2, 1, 0)	GCF_030585505.1.fasta.gz	NZ_CP086237.1|4457510|4464406	redundant
GCF_002006235.2	NZ_CP096988.1	220312	227472	9457.0	1	1	0	1	0	1	1	159	(1, 1, 1, 1, 1)	(4, 3, 2, 1, 0)	GCF_002006235.2.fasta.gz	NZ_CP096988.1|220312|227472	dereplication_representative
GCF_000364165.2	NZ_CP097810.1	1403400	1406973	5121.0	0	0	0	1	0	1	1	389	(1, 1, 1)	(2, 1, 0)	GCF_000364165.2.fasta.gz	NZ_CP097810.1|1403400|1406973	dereplication_representative
GCF_025146005.1	NZ_CP102254.1	995138	1003100	5906.0	0	1	0	1	0	1	0	361	(1, 1, 1)	(2, 1, 0)	GCF_025146005.1.fasta.gz	NZ_CP102254.1|995138|1003100	dereplication_representative
GCF_039789045.1	NZ_CP121164.1	891591	899555	5914.0	0	1	0	1	0	1	0	359	(1, 1, 1)	(2, 1, 0)	GCF_039789045.1.fasta.gz	NZ_CP102254.1|995138|1003100	redundant
GCF_026410065.1	NZ_CP112872.1	2472981	2480000	9491.0	1	1	0	1	0	1	1	136	(-1, -1, -1, -1, -1)	(4, 3, 2, 1, 0)	GCF_026410065.1.fasta.gz	NZ_CP112872.1|2472981|2480000	dereplication_representative
GCF_049200475.1	NZ_CP113903.1	3009706	3014189	6627.0	1	1	0	1	0	0	0	260	(-1, -1, -1)	(2, 1, 0)	GCF_049200475.1.fasta.gz	NZ_CP113903.1|3009706|3014189	dereplication_representative
GCF_029542625.1	NZ_CP120733.1	2709789	2717652	11242.0	1	1	0	1	1	1	1	25	(-1, -1, -1, -1, -1, -1)	(5, 4, 3, 2, 1, 0)	GCF_029542625.1.fasta.gz	NZ_CP120733.1|2709789|2717652	dereplication_representative
GCF_038396635.1	NZ_CP121687.1	1183831	1193135	9521.0	1	1	0	1	0	1	1	120	(-1, -1, -1, -1, -1)	(4, 3, 2, 1, 0)	GCF_038396635.1.fasta.gz	NZ_CP121687.1|1183831|1193135	dereplication_representative
GCF_037057455.1	NZ_CP124295.1	3110820	3116521	7881.0	1	1	0	1	1	0	0	232	(-1, -1, -1, -1)	(3, 2, 1, 0)	GCF_037057455.1.fasta.gz	NZ_CP124295.1|3110820|3116521	dereplication_representative
GCF_030013905.1	NZ_CP124862.1	5358736	5364164	6494.0	1	1	0	1	0	0	0	268	(1, 1, 1)	(2, 1, 0)	GCF_030013905.1.fasta.gz	NZ_CP124862.1|5358736|5364164	dereplication_representative
GCF_040267475.1	NZ_CP125628.1	4170540	4175303	5999.0	0	1	0	1	0	1	0	331	(-1, -1, -1)	(2, 1, 0)	GCF_040267475.1.fasta.gz	NZ_CP125628.1|4170540|4175303	dereplication_representative
GCF_030166575.1	NZ_CP126462.1	1779990	1787472	11693.0	1	1	0	1	1	1	1	9	(1, 1, 1, 1, 1, 1)	(5, 4, 3, 2, 1, 0)	GCF_030166575.1.fasta.gz	NZ_CP126462.1|1779990|1787472	dereplication_representative
GCF_030263895.1	NZ_CP127161.1	2343316	2350915	11145.0	1	1	0	1	1	1	1	30	(1, 1, 1, 1, 1, 1)	(5, 4, 3, 2, 1, 0)	GCF_030263895.1.fasta.gz	NZ_CP127161.1|2343316|2350915	dereplication_representative
GCF_030644385.1	NZ_CP130060.1	1443506	1448395	5849.0	0	1	0	1	0	1	0	371	(-1, -1, -1)	(2, 1, 0)	GCF_030644385.1.fasta.gz	NZ_CP130060.1|1443506|1448395	dereplication_representative
GCF_046529625.1	NZ_CP132338.1	911061	915054	5243.0	0	0	0	1	0	1	1	380	(1, 1, 1)	(2, 1, 0)	GCF_046529625.1.fasta.gz	NZ_CP132338.1|911061|915054	dereplication_representative
GCF_030913655.1	NZ_CP133189.1	707968	712719	6481.0	1	1	0	1	0	0	0	269	(1, 1, 1)	(2, 1, 0)	GCF_030913655.1.fasta.gz	NZ_CP133189.1|707968|712719	dereplication_representative
GCF_040267685.1	NZ_CP158367.1	851769	863553	10046.0	1	1	0	1	1	1	1	65	(1, 1, 1, -1, 1, 1)	(5, 4, 3, 2, 1, 0)	GCF_040267685.1.fasta.gz	NZ_CP158367.1|851769|863553	dereplication_representative
GCF_040515995.1	NZ_CP159485.1	2060243	2072285	10126.0	1	1	0	1	1	1	1	61	(-1, -1, 1, -1, -1, -1)	(5, 4, 3, 2, 1, 0)	GCF_040515995.1.fasta.gz	NZ_CP159485.1|2060243|2072285	dereplication_representative
GCF_023653455.2	NZ_CP161000.1	2804035	2809730	7838.0	1	1	0	1	1	0	0	241	(-1, -1, -1, -1)	(3, 2, 1, 0)	GCF_023653455.2.fasta.gz	NZ_CP161000.1|2804035|2809730	dereplication_representative
GCF_004803955.2	NZ_CP163137.1	2233374	2237871	5123.0	0	0	0	1	0	1	1	388	(-1, -1, -1)	(2, 1, 0)	GCF_004803955.2.fasta.gz	NZ_CP163137.1|2233374|2237871	dereplication_representative
GCF_045038935.1	NZ_CP171113.1	889552	896584	9316.0	1	1	0	1	0	1	1	206	(1, 1, 1, 1, 1)	(4, 3, 2, 1, 0)	GCF_045038935.1.fasta.gz	NZ_CP171113.1|889552|896584	dereplication_representative
GCF_044502415.1	NZ_CP172402.1	1941133	1947968	7617.0	1	1	0	1	0	0	1	248	(-1, -1, -1, -1)	(3, 2, 1, 0)	GCF_044502415.1.fasta.gz	NZ_CP172402.1|1941133|1947968	dereplication_representative
GCF_047456265.2	NZ_CP173187.2	2740151	2744353	6605.0	1	1	0	1	0	0	0	262	(-1, -1, -1)	(2, 1, 0)	GCF_047456265.2.fasta.gz	NZ_CP173187.2|2740151|2744353	dereplication_representative
GCF_046523925.1	NZ_CP174369.1	1554884	1559817	6316.0	1	1	0	1	0	0	0	276	(1, 1, 1)	(2, 1, 0)	GCF_046523925.1.fasta.gz	NZ_CP174369.1|1554884|1559817	dereplication_representative
GCF_041861885.3	NZ_CP175761.1	1358982	1365749	9530.0	1	1	0	1	0	1	1	115	(1, 1, 1, 1, 1)	(4, 3, 2, 1, 0)	GCF_041861885.3.fasta.gz	NZ_CP175761.1|1358982|1365749	dereplication_representative
GCF_046603775.1	NZ_CP176625.1	3466586	3470808	6692.0	1	1	0	1	0	0	0	257	(-1, -1, -1)	(2, 1, 0)	GCF_046603775.1.fasta.gz	NZ_CP176625.1|3466586|3470808	dereplication_representative
GCF_900683775.1	NZ_LR215983.1	3000409	3004636	6724.0	1	1	0	1	0	0	0	256	(-1, -1, -1)	(2, 1, 0)	GCF_900683775.1.fasta.gz	NZ_CP176625.1|3466586|3470808	redundant
GCF_002441855.2	NZ_CP029487.1	3965629	3969857	6749.0	1	1	0	1	0	0	0	254	(1, 1, 1)	(2, 1, 0)	GCF_002441855.2.fasta.gz	NZ_CP176625.1|3466586|3470808	redundant
GCF_048568315.1	NZ_CP183811.1	277729	283428	7946.0	1	1	0	1	1	0	0	227	(1, 1, 1, 1)	(3, 2, 1, 0)	GCF_048568315.1.fasta.gz	NZ_CP183811.1|277729|283428	dereplication_representative
GCF_031202285.1	NZ_CP101637.1	2474866	2480566	7948.0	1	1	0	1	1	0	0	225	(-1, -1, -1, -1)	(3, 2, 1, 0)	GCF_031202285.1.fasta.gz	NZ_CP183811.1|277729|283428	redundant
GCF_036812735.1	NZ_CP117523.1	3666489	3672189	7948.0	1	1	0	1	1	0	0	226	(-1, -1, -1, -1)	(3, 2, 1, 0)	GCF_036812735.1.fasta.gz	NZ_CP183811.1|277729|283428	redundant
GCF_001299475.1	NZ_CYUJ01000002.1	774043	778018	6730.0	1	1	0	1	0	0	0	255	(1, 1, 1)	(2, 1, 0)	GCF_001299475.1.fasta.gz	NZ_CYUJ01000002.1|774043|778018	dereplication_representative
GCF_900078395.1	NZ_FKLA01000009.1	1860070	1864784	6240.0	1	1	0	1	0	0	0	299	(1, 1, 1)	(2, 1, 0)	GCF_900078395.1.fasta.gz	NZ_FKLA01000009.1|1860070|1864784	dereplication_representative
GCF_900095445.1	NZ_FMJL01000002.1	121865	128823	9622.0	1	1	0	1	0	1	1	86	(1, 1, 1, 1, 1)	(4, 3, 2, 1, 0)	GCF_900095445.1.fasta.gz	NZ_FMJL01000002.1|121865|128823	dereplication_representative
GCF_900095725.1	NZ_FMMP01000006.1	335960	339737	5166.0	0	0	0	1	0	1	1	384	(1, 1, 1)	(2, 1, 0)	GCF_900095725.1.fasta.gz	NZ_FMMP01000006.1|335960|339737	dereplication_representative
GCF_900100845.1	NZ_FNFP01000002.1	447265	454799	11295.0	1	1	0	1	1	1	1	21	(-1, -1, -1, -1, -1, -1)	(5, 4, 3, 2, 1, 0)	GCF_900100845.1.fasta.gz	NZ_FNFP01000002.1|447265|454799	dereplication_representative
GCF_900103835.1	NZ_FNID01000019.1	22067	26967	6253.0	1	1	0	1	0	0	0	292	(-1, -1, -1)	(2, 1, 0)	GCF_900103835.1.fasta.gz	NZ_FNID01000019.1|22067|26967	dereplication_representative
GCF_900107485.1	NZ_FNQE01000022.1	24382	31911	11084.0	1	1	0	1	1	1	1	33	(1, 1, 1, 1, 1, 1)	(5, 4, 3, 2, 1, 0)	GCF_900107485.1.fasta.gz	NZ_FNQE01000022.1|24382|31911	dereplication_representative
GCF_900108045.1	NZ_FNUK01000016.1	38598	45023	10096.0	1	1	0	1	0	1	1	63	(-1, -1, -1, -1, -1)	(4, 3, 2, 1, 0)	GCF_900108045.1.fasta.gz	NZ_FNUK01000016.1|38598|45023	dereplication_representative
GCF_900110045.1	NZ_FOCG01000001.1	784840	790374	6229.0	1	1	0	1	0	0	0	302	(-1, -1, -1)	(2, 1, 0)	GCF_900110045.1.fasta.gz	NZ_FOCG01000001.1|784840|790374	dereplication_representative
GCF_900111595.1	NZ_FOHN01000015.1	52931	61692	5985.0	0	1	0	1	0	1	0	333	(1, 1, 1)	(2, 1, 0)	GCF_900111595.1.fasta.gz	NZ_FOHN01000015.1|52931|61692	dereplication_representative
GCF_900111615.1	NZ_FOHU01000001.1	430839	438363	11213.0	1	1	0	1	1	1	1	28	(-1, -1, -1, -1, -1, -1)	(5, 4, 3, 2, 1, 0)	GCF_900111615.1.fasta.gz	NZ_FOHU01000001.1|430839|438363	dereplication_representative
GCF_900111985.1	NZ_FOKI01000002.1	141121	148284	9486.0	1	1	0	1	0	1	1	138	(1, 1, 1, 1, 1)	(4, 3, 2, 1, 0)	GCF_900111985.1.fasta.gz	NZ_FOKI01000002.1|141121|148284	dereplication_representative
GCF_900113635.1	NZ_FOQA01000001.1	58996	65961	10674.0	1	1	0	1	1	1	1	45	(1, 1, 1, 1, 1, 1)	(5, 4, 3, 2, 1, 0)	GCF_900113635.1.fasta.gz	NZ_FOQA01000001.1|58996|65961	dereplication_representative
GCF_900112775.1	NZ_FOYZ01000003.1	254876	261928	5920.0	0	1	0	1	0	1	0	357	(-1, -1, -1)	(2, 1, 0)	GCF_900112775.1.fasta.gz	NZ_FOYZ01000003.1|254876|261928	dereplication_representative
GCF_900128885.1	NZ_FQTU01000001.1	17798	24171	9827.0	1	1	0	1	0	1	1	79	(1, 1, 1, 1, 1)	(4, 3, 2, 1, 0)	GCF_900128885.1.fasta.gz	NZ_FQTU01000001.1|17798|24171	dereplication_representative
GCF_900129075.1	NZ_FQVH01000002.1	52369	59136	9971.0	1	1	0	1	0	1	1	67	(1, 1, 1, 1, 1)	(4, 3, 2, 1, 0)	GCF_900129075.1.fasta.gz	NZ_FQVH01000002.1|52369|59136	dereplication_representative
GCF_900129965.1	NZ_FQXM01000004.1	228634	235367	9331.0	1	1	0	1	0	1	1	204	(-1, -1, -1, -1, -1)	(4, 3, 2, 1, 0)	GCF_900129965.1.fasta.gz	NZ_FQXM01000004.1|228634|235367	dereplication_representative
GCF_900130005.1	NZ_FQXP01000013.1	42091	49599	9469.0	1	1	0	1	0	1	1	148	(-1, -1, -1, -1, -1)	(4, 3, 2, 1, 0)	GCF_900130005.1.fasta.gz	NZ_FQXP01000013.1|42091|49599	dereplication_representative
GCF_900141845.1	NZ_FQZB01000003.1	39027	45792	9510.0	1	1	0	1	0	1	1	127	(-1, -1, -1, -1, -1)	(4, 3, 2, 1, 0)	GCF_900141845.1.fasta.gz	NZ_FQZB01000003.1|39027|45792	dereplication_representative
GCF_900142075.1	NZ_FQZO01000001.1	696581	703347	9583.0	1	1	0	1	0	1	1	97	(1, 1, 1, 1, 1)	(4, 3, 2, 1, 0)	GCF_900142075.1.fasta.gz	NZ_FQZO01000001.1|696581|703347	dereplication_representative
GCF_900142145.1	NZ_FQZV01000003.1	26074	33619	11575.0	1	1	0	1	1	1	1	15	(1, 1, 1, 1, 1, 1)	(5, 4, 3, 2, 1, 0)	GCF_900142145.1.fasta.gz	NZ_FQZV01000003.1|26074|33619	dereplication_representative
GCF_900142225.1	NZ_FRAD01000012.1	56835	63848	8112.0	1	1	0	1	0	1	0	224	(-1, -1, -1, -1)	(3, 2, 1, 0)	GCF_900142225.1.fasta.gz	NZ_FRAD01000012.1|56835|63848	dereplication_representative
GCF_900142245.1	NZ_FRAG01000001.1	202027	206243	6955.0	0	0	0	1	1	1	1	253	(-1, -1, -1, -1)	(3, 2, 1, 0)	GCF_900142245.1.fasta.gz	NZ_FRAG01000001.1|202027|206243	dereplication_representative
GCF_900142275.1	NZ_FRAI01000005.1	531714	544077	8299.0	0	1	0	1	1	1	1	218	(-1, -1, 1, -1, -1)	(4, 3, 2, 1, 0)	GCF_900142275.1.fasta.gz	NZ_FRAI01000005.1|531714|544077	dereplication_representative
GCF_900142955.1	NZ_FRCP01000014.1	143100	157240	5965.0	0	1	0	1	0	1	0	336	(1, 1, 1)	(2, 1, 0)	GCF_900142955.1.fasta.gz	NZ_FRCP01000014.1|143100|157240	dereplication_representative
GCF_900167305.1	NZ_FUWV01000001.1	267188	274389	10226.0	1	1	0	1	0	1	1	58	(-1, -1, -1, -1, -1)	(4, 3, 2, 1, 0)	GCF_900167305.1.fasta.gz	NZ_FUWV01000001.1|267188|274389	dereplication_representative
GCF_900167505.1	NZ_FUYD01000002.1	164119	171057	9465.0	1	1	0	1	0	1	1	152	(1, 1, 1, 1, 1)	(4, 3, 2, 1, 0)	GCF_900167505.1.fasta.gz	NZ_FUYD01000002.1|164119|171057	dereplication_representative
GCF_900167605.1	NZ_FUYH01000004.1	4724	12268	9938.0	1	1	0	1	0	1	1	71	(1, 1, 1, 1, 1)	(4, 3, 2, 1, 0)	GCF_900167605.1.fasta.gz	NZ_FUYH01000004.1|4724|12268	dereplication_representative
GCF_900167445.1	NZ_FUZT01000005.1	261103	268639	11748.0	1	1	0	1	1	1	1	8	(-1, -1, -1, -1, -1, -1)	(5, 4, 3, 2, 1, 0)	GCF_900167445.1.fasta.gz	NZ_FUZT01000005.1|261103|268639	dereplication_representative
GCF_900176305.1	NZ_FWXH01000003.1	161024	167882	9572.0	1	1	0	1	0	1	1	100	(1, 1, 1, 1, 1)	(4, 3, 2, 1, 0)	GCF_900176305.1.fasta.gz	NZ_FWXH01000003.1|161024|167882	dereplication_representative
GCF_900176335.1	NZ_FWXW01000010.1	6030	10995	6243.0	1	1	0	1	0	0	0	297	(-1, -1, -1)	(2, 1, 0)	GCF_900176335.1.fasta.gz	NZ_FWXW01000010.1|6030|10995	dereplication_representative
GCF_900185645.1	NZ_FYAM01000024.1	178275	185601	9554.0	1	1	0	1	0	1	1	106	(-1, -1, -1, -1, -1)	(4, 3, 2, 1, 0)	GCF_900185645.1.fasta.gz	NZ_FYAM01000024.1|178275|185601	dereplication_representative
GCF_900186535.1	NZ_FYDE01000005.1	1921900	1926615	6138.0	1	1	0	1	0	0	0	316	(-1, -1, -1)	(2, 1, 0)	GCF_900186535.1.fasta.gz	NZ_FYDE01000005.1|1921900|1926615	dereplication_representative
GCF_900188145.1	NZ_FZOJ01000008.1	59838	67445	11287.0	1	1	0	1	1	1	1	22	(-1, -1, -1, -1, -1, -1)	(5, 4, 3, 2, 1, 0)	GCF_900188145.1.fasta.gz	NZ_FZOJ01000008.1|59838|67445	dereplication_representative
GCF_000430995.1	NZ_HF952018.1	1188859	1196543	10943.0	1	1	0	1	1	1	1	35	(-1, -1, -1, -1, -1, -1)	(5, 4, 3, 2, 1, 0)	GCF_000430995.1.fasta.gz	NZ_HF952018.1|1188859|1196543	dereplication_representative
GCF_000308275.2	NZ_HG529490.1	556686	569230	4737.0	1	1	0	1	0	0	0	397	(-1, -1, -1)	(2, 1, 0)	GCF_000308275.2.fasta.gz	NZ_HG529490.1|556686|569230	dereplication_representative
GCF_000577895.1	NZ_HG917868.1	2207497	2214792	9238.0	1	1	0	1	0	1	1	212	(-1, -1, -1, -1, -1)	(4, 3, 2, 1, 0)	GCF_000577895.1.fasta.gz	NZ_HG917868.1|2207497|2214792	dereplication_representative
GCF_010179735.1	NZ_JAAEEH010000017.1	18012	24380	5903.0	0	1	0	1	0	1	0	362	(1, 1, 1)	(2, 1, 0)	GCF_010179735.1.fasta.gz	NZ_JAAEEH010000017.1|18012|24380	dereplication_representative
GCF_011065905.2	NZ_JAAMNG020000001.1	2111783	2118661	9420.0	1	1	0	1	0	1	1	190	(-1, -1, -1, -1, -1)	(4, 3, 2, 1, 0)	GCF_011065905.2.fasta.gz	NZ_JAAMNG020000001.1|2111783|2118661	dereplication_representative
GCF_011065935.2	NZ_JAAMNH020000001.1	3037593	3044519	9537.0	1	1	0	1	0	1	1	111	(-1, -1, -1, -1, -1)	(4, 3, 2, 1, 0)	GCF_011065935.2.fasta.gz	NZ_JAAMNH020000001.1|3037593|3044519	dereplication_representative
GCF_011065955.2	NZ_JAAMNI020000001.1	3186023	3192951	9453.0	1	1	0	1	0	1	1	166	(-1, -1, -1, -1, -1)	(4, 3, 2, 1, 0)	GCF_011065955.2.fasta.gz	NZ_JAAMNI020000001.1|3186023|3192951	dereplication_representative
GCF_012926525.1	NZ_JABBNI010000001.1	112639	119768	9432.0	1	1	0	1	0	1	1	179	(1, 1, 1, 1, 1)	(4, 3, 2, 1, 0)	GCF_012926525.1.fasta.gz	NZ_JABBNI010000001.1|112639|119768	dereplication_representative
GCF_013294265.1	NZ_JABSWD010000001.1	3060865	3067972	9569.0	1	1	0	1	0	1	1	102	(-1, -1, -1, -1, -1)	(4, 3, 2, 1, 0)	GCF_013294265.1.fasta.gz	NZ_JABSWD010000001.1|3060865|3067972	dereplication_representative
GCF_014050525.1	NZ_JACGAG010000005.1	52397	59273	9425.0	1	1	0	1	0	1	1	185	(1, 1, 1, 1, 1)	(4, 3, 2, 1, 0)	GCF_014050525.1.fasta.gz	NZ_JACGAG010000005.1|52397|59273	dereplication_representative
GCF_014205875.1	NZ_JACHEN010000004.1	71404	78943	11599.0	1	1	0	1	1	1	1	13	(-1, -1, -1, -1, -1, -1)	(5, 4, 3, 2, 1, 0)	GCF_014205875.1.fasta.gz	NZ_JACHEN010000004.1|71404|78943	dereplication_representative
GCF_014202115.1	NZ_JACHFW010000009.1	128875	135783	6069.0	0	1	0	1	0	1	0	320	(-1, -1, -1)	(2, 1, 0)	GCF_014202115.1.fasta.gz	NZ_JACHFW010000009.1|128875|135783	dereplication_representative
GCF_014281125.1	NZ_JACOEA010000001.1	380999	387212	6239.0	1	1	0	1	0	0	0	300	(1, 1, 1)	(2, 1, 0)	GCF_014281125.1.fasta.gz	NZ_JACOEA010000001.1|380999|387212	dereplication_representative
GCF_014287895.1	NZ_JACOPP010000002.1	150541	156233	6249.0	1	1	0	1	0	0	0	295	(-1, -1, -1)	(2, 1, 0)	GCF_014287895.1.fasta.gz	NZ_JACOPP010000002.1|150541|156233	dereplication_representative
GCF_014287675.1	NZ_JACOPQ010000002.1	43200	54227	6185.0	1	1	0	1	0	0	0	315	(-1, -1, -1)	(2, 1, 0)	GCF_014287675.1.fasta.gz	NZ_JACOPQ010000002.1|43200|54227	dereplication_representative
GCF_014384895.1	NZ_JACRSQ010000005.1	10859	14781	5192.0	0	0	0	1	0	1	1	382	(1, 1, 1)	(2, 1, 0)	GCF_014384895.1.fasta.gz	NZ_JACRSQ010000005.1|10859|14781	dereplication_representative
GCF_014384995.1	NZ_JACRSY010000008.1	52364	56011	5279.0	0	0	0	1	0	1	1	377	(-1, -1, -1)	(2, 1, 0)	GCF_014384995.1.fasta.gz	NZ_JACRSY010000008.1|52364|56011	dereplication_representative
GCF_014385085.1	NZ_JACRTD010000001.1	381596	386304	6348.0	1	1	0	1	0	0	0	271	(-1, -1, -1)	(2, 1, 0)	GCF_014385085.1.fasta.gz	NZ_JACRTD010000001.1|381596|386304	dereplication_representative
GCF_014385265.1	NZ_JACRTJ010000005.1	128371	133176	5962.0	0	1	0	1	0	1	0	337	(-1, -1, -1)	(2, 1, 0)	GCF_014385265.1.fasta.gz	NZ_JACRTJ010000005.1|128371|133176	dereplication_representative
GCF_016901815.1	NZ_JACSNR010000007.1	10409	15196	6216.0	1	1	0	1	0	0	0	306	(-1, -1, -1)	(2, 1, 0)	GCF_016901815.1.fasta.gz	NZ_JACSNR010000007.1|10409|15196	dereplication_representative
GCF_032335695.1	NZ_JACTOJ010000010.1	177458	184398	9382.0	1	1	0	1	0	1	1	198	(1, 1, 1, 1, 1)	(4, 3, 2, 1, 0)	GCF_032335695.1.fasta.gz	NZ_JACTOJ010000010.1|177458|184398	dereplication_representative
GCF_014982785.1	NZ_JADCKB010000015.1	13368	18085	5093.0	0	0	0	1	0	1	1	390	(-1, -1, -1)	(2, 1, 0)	GCF_014982785.1.fasta.gz	NZ_JADCKB010000015.1|13368|18085	dereplication_representative
GCF_015352425.1	NZ_JADKNH010000006.1	234916	238987	7696.0	0	0	0	1	1	1	1	246	(-1, -1, -1, -1)	(3, 2, 1, 0)	GCF_015352425.1.fasta.gz	NZ_JADKNH010000006.1|234916|238987	dereplication_representative
GCF_017811815.1	NZ_JADKZI010000002.1	453445	463563	6187.0	1	1	0	1	0	0	0	314	(-1, -1, -1)	(2, 1, 0)	GCF_017811815.1.fasta.gz	NZ_JADKZI010000002.1|453445|463563	dereplication_representative
GCF_015550495.1	NZ_JADNAX010000004.1	43128	48999	8334.0	1	1	1	1	1	0	0	216	(-1, -1, -1, -1, -1)	(4, 3, 2, 1, 0)	GCF_015550495.1.fasta.gz	NZ_JADNAX010000004.1|43128|48999	dereplication_representative
GCF_015554605.1	NZ_JADNIV010000001.1	299120	304021	6291.0	1	1	0	1	0	0	0	281	(-1, -1, -1)	(2, 1, 0)	GCF_015554605.1.fasta.gz	NZ_JADNIV010000001.1|299120|304021	dereplication_representative
GCF_015557495.1	NZ_JADNOJ010000005.1	105647	118296	7601.0	0	1	0	1	0	1	1	249	(-1, -1, -1, -1)	(3, 2, 1, 0)	GCF_015557495.1.fasta.gz	NZ_JADNOJ010000005.1|105647|118296	dereplication_representative
GCF_015594845.1	NZ_JADNRK010000002.1	194573	200903	9861.0	1	1	0	1	0	1	1	78	(-1, -1, -1, -1, -1)	(4, 3, 2, 1, 0)	GCF_015594845.1.fasta.gz	NZ_JADNRK010000002.1|194573|200903	dereplication_representative
GCF_021531375.1	NZ_JADYTU010000007.1	64823	69927	6250.0	1	1	0	1	0	0	0	294	(-1, -1, -1)	(2, 1, 0)	GCF_021531375.1.fasta.gz	NZ_JADYTU010000007.1|64823|69927	dereplication_representative
GCF_021531815.1	NZ_JADYUM010000003.1	55199	60282	6220.0	1	1	0	1	0	0	0	304	(1, 1, 1)	(2, 1, 0)	GCF_021531815.1.fasta.gz	NZ_JADYUM010000003.1|55199|60282	dereplication_representative
GCF_021432385.1	NZ_JAEACT010000002.1	1175303	1182777	9455.0	1	1	0	1	0	1	1	164	(1, 1, 1, 1, 1)	(4, 3, 2, 1, 0)	GCF_021432385.1.fasta.gz	NZ_JAEACT010000002.1|1175303|1182777	dereplication_representative
GCF_016765615.1	NZ_JAESWA010000017.1	358692	365547	9423.0	1	1	0	1	0	1	1	186	(-1, -1, -1, -1, -1)	(4, 3, 2, 1, 0)	GCF_016765615.1.fasta.gz	NZ_JAESWA010000017.1|358692|365547	dereplication_representative
GCF_028728205.1	NZ_JAQYUU010000001.1	1427221	1434076	9421.0	1	1	0	1	0	1	1	189	(-1, -1, -1, -1, -1)	(4, 3, 2, 1, 0)	GCF_028728205.1.fasta.gz	NZ_JAESWA010000017.1|358692|365547	redundant
GCF_016765585.1	NZ_JAESWC010000002.1	394125	401012	9531.0	1	1	0	1	0	1	1	114	(-1, -1, -1, -1, -1)	(4, 3, 2, 1, 0)	GCF_016765585.1.fasta.gz	NZ_JAESWC010000002.1|394125|401012	dereplication_representative
GCF_016908015.1	NZ_JAFBDB010000002.1	599421	607004	9565.0	1	1	0	1	0	1	1	104	(1, 1, 1, 1, 1)	(4, 3, 2, 1, 0)	GCF_016908015.1.fasta.gz	NZ_JAFBDB010000002.1|599421|607004	dereplication_representative
GCF_016908355.1	NZ_JAFBDT010000006.1	77753	84673	12821.0	1	1	1	1	1	1	1	2	(-1, -1, -1, -1, -1, -1, -1)	(6, 5, 4, 3, 2, 1, 0)	GCF_016908355.1.fasta.gz	NZ_JAFBDT010000006.1|77753|84673	dereplication_representative
GCF_000526495.1	NZ_JAGE01000001.1	3481939	3489673	10431.0	1	1	0	1	1	1	1	49	(1, 1, 1, 1, 1, 1)	(5, 4, 3, 2, 1, 0)	GCF_000526495.1.fasta.gz	NZ_JAGE01000001.1|3481939|3489673	dereplication_representative
GCF_017874425.1	NZ_JAGGLL010000001.1	249803	256912	9645.0	1	1	0	1	0	1	1	83	(-1, -1, -1, -1, -1)	(4, 3, 2, 1, 0)	GCF_017874425.1.fasta.gz	NZ_JAGGLL010000001.1|249803|256912	dereplication_representative
GCF_017874415.1	NZ_JAGGLM010000005.1	67277	74140	9395.0	1	1	0	1	0	1	1	196	(1, 1, 1, 1, 1)	(4, 3, 2, 1, 0)	GCF_017874415.1.fasta.gz	NZ_JAGGLM010000005.1|67277|74140	dereplication_representative
GCF_017874545.1	NZ_JAGGLT010000024.1	25541	32384	9922.0	1	1	0	1	0	1	1	73	(1, 1, 1, 1, 1)	(4, 3, 2, 1, 0)	GCF_017874545.1.fasta.gz	NZ_JAGGLT010000024.1|25541|32384	dereplication_representative
GCF_002250075.1	NZ_CP016893.1	2576894	2584228	10748.0	1	1	0	1	1	1	1	42	(1, 1, 1, 1, 1, 1)	(5, 4, 3, 2, 1, 0)	GCF_002250075.1.fasta.gz	NZ_JAGGLT010000024.1|25541|32384	readded_by_content
GCF_030534315.2	NZ_CP130558.2	2952099	2958942	9910.0	1	1	0	1	0	1	1	74	(1, 1, 1, 1, 1)	(4, 3, 2, 1, 0)	GCF_030534315.2.fasta.gz	NZ_JAGGLT010000024.1|25541|32384	redundant
GCF_018390735.1	NZ_JAHBCL010000024.1	43636	50752	14999.0	1	1	1	1	1	1	1	1	(1, 1, 1, 1, 1, 1, 1)	(6, 5, 4, 3, 2, 1, 0)	GCF_018390735.1.fasta.gz	NZ_JAHBCL010000024.1|43636|50752	dereplication_representative
GCF_019144085.1	NZ_JAHHUY010000004.1	55479	62338	9367.0	1	1	0	1	0	1	1	200	(-1, -1, -1, -1, -1)	(4, 3, 2, 1, 0)	GCF_019144085.1.fasta.gz	NZ_JAHHUY010000004.1|55479|62338	dereplication_representative
GCF_036670035.1	NZ_CP137758.1	2057652	2064512	9423.0	1	1	0	1	0	1	1	188	(-1, -1, -1, -1, -1)	(4, 3, 2, 1, 0)	GCF_036670035.1.fasta.gz	NZ_JAHHUY010000004.1|55479|62338	redundant
GCF_018861735.1	NZ_JAHLEB010000009.1	45301	52206	9429.0	1	1	0	1	0	1	1	183	(1, 1, 1, 1, 1)	(4, 3, 2, 1, 0)	GCF_018861735.1.fasta.gz	NZ_JAHLEB010000009.1|45301|52206	dereplication_representative
GCF_018861755.1	NZ_JAHLEF010000008.1	134908	141822	9492.0	1	1	0	1	0	1	1	133	(-1, -1, -1, -1, -1)	(4, 3, 2, 1, 0)	GCF_018861755.1.fasta.gz	NZ_JAHLEF010000008.1|134908|141822	dereplication_representative
GCF_018917145.1	NZ_JAHLOD010000004.1	52006	58958	9248.0	1	1	0	1	0	1	1	211	(-1, -1, -1, -1, -1)	(4, 3, 2, 1, 0)	GCF_018917145.1.fasta.gz	NZ_JAHLOD010000004.1|52006|58958	dereplication_representative
GCF_018917965.1	NZ_JAHLPP010000001.1	938278	943744	6251.0	1	1	0	1	0	0	0	293	(-1, -1, -1)	(2, 1, 0)	GCF_018917965.1.fasta.gz	NZ_JAHLPP010000001.1|938278|943744	dereplication_representative
GCF_018918155.1	NZ_JAHLPY010000001.1	312359	320745	5888.0	0	1	0	1	0	1	0	365	(-1, -1, -1)	(2, 1, 0)	GCF_018918155.1.fasta.gz	NZ_JAHLPY010000001.1|312359|320745	dereplication_representative
GCF_018918285.1	NZ_JAHLQF010000003.1	585649	592647	9606.0	1	1	0	1	0	1	1	90	(1, 1, 1, 1, 1)	(4, 3, 2, 1, 0)	GCF_018918285.1.fasta.gz	NZ_JAHLQF010000003.1|585649|592647	dereplication_representative
GCF_020176155.1	NZ_JAIRAZ010000035.1	5575	12485	9461.0	1	1	0	1	0	1	1	156	(1, 1, 1, 1, 1)	(4, 3, 2, 1, 0)	GCF_020176155.1.fasta.gz	NZ_JAIRAZ010000035.1|5575|12485	dereplication_representative
GCF_020443705.1	NZ_JAIZZK010000001.1	402724	409734	9520.0	1	1	0	1	0	1	1	123	(-1, -1, -1, -1, -1)	(4, 3, 2, 1, 0)	GCF_020443705.1.fasta.gz	NZ_JAIZZK010000001.1|402724|409734	dereplication_representative
GCF_020443565.1	NZ_JAIZZN010000004.1	51349	58309	9575.0	1	1	0	1	0	1	1	98	(-1, -1, -1, -1, -1)	(4, 3, 2, 1, 0)	GCF_020443565.1.fasta.gz	NZ_JAIZZN010000004.1|51349|58309	dereplication_representative
GCF_020686985.1	NZ_JAJEPU010000020.1	26468	31221	5926.0	0	1	0	1	0	1	0	354	(1, 1, 1)	(2, 1, 0)	GCF_020686985.1.fasta.gz	NZ_JAJEPU010000020.1|26468|31221	dereplication_representative
GCF_020908015.1	NZ_JAJJPB010000020.1	37136	44115	9299.0	1	1	0	1	0	1	1	207	(1, 1, 1, 1, 1)	(4, 3, 2, 1, 0)	GCF_020908015.1.fasta.gz	NZ_JAJJPB010000020.1|37136|44115	dereplication_representative
GCF_021043395.1	NZ_JAJNKE010000001.1	249387	256776	9533.0	1	1	0	1	0	1	1	113	(-1, -1, -1, -1, -1)	(4, 3, 2, 1, 0)	GCF_021043395.1.fasta.gz	NZ_JAJNKE010000001.1|249387|256776	dereplication_representative
GCF_026155355.1	NZ_JAJUXF010000001.1	856673	861147	5087.0	0	0	0	1	0	1	1	391	(1, 1, 1)	(2, 1, 0)	GCF_026155355.1.fasta.gz	NZ_JAJUXF010000001.1|856673|861147	dereplication_representative
GCF_022132365.1	NZ_JAKNJB010000022.1	33772	38756	6268.0	1	1	0	1	0	0	0	286	(-1, -1, -1)	(2, 1, 0)	GCF_022132365.1.fasta.gz	NZ_JAKNJB010000022.1|33772|38756	dereplication_representative
GCF_022440865.1	NZ_JAKNTP010000001.1	476261	482163	7854.0	1	1	0	1	1	0	0	239	(1, 1, 1, 1)	(3, 2, 1, 0)	GCF_022440865.1.fasta.gz	NZ_JAKNTP010000001.1|476261|482163	dereplication_representative
GCF_023161605.1	NZ_JALNQL010000002.1	460179	466992	11418.0	1	1	0	1	1	1	1	17	(-1, -1, -1, -1, -1, -1)	(5, 4, 3, 2, 1, 0)	GCF_023161605.1.fasta.gz	NZ_JALNQL010000002.1|460179|466992	dereplication_representative
GCF_023656515.1	NZ_JAMOFV010000006.1	2229296	2236204	9595.0	1	1	0	1	0	1	1	95	(-1, -1, -1, -1, -1)	(4, 3, 2, 1, 0)	GCF_023656515.1.fasta.gz	NZ_JAMOFV010000006.1|2229296|2236204	dereplication_representative
GCF_023806125.1	NZ_JAMSKT010000006.1	93111	99976	9569.0	1	1	0	1	0	1	1	101	(1, 1, 1, 1, 1)	(4, 3, 2, 1, 0)	GCF_023806125.1.fasta.gz	NZ_JAMSKT010000006.1|93111|99976	dereplication_representative
GCF_024135845.1	NZ_JAMYJV010000003.1	516503	520316	5131.0	0	0	0	1	0	1	1	387	(1, 1, 1)	(2, 1, 0)	GCF_024135845.1.fasta.gz	NZ_JAMYJV010000003.1|516503|520316	dereplication_representative
GCF_024622825.1	NZ_JANKAH010000011.1	46759	53845	9486.0	1	1	0	1	0	1	1	139	(1, 1, 1, 1, 1)	(4, 3, 2, 1, 0)	GCF_024622825.1.fasta.gz	NZ_JANKAH010000011.1|46759|53845	dereplication_representative
GCF_025398335.1	NZ_JAODOO010000009.1	15841	23008	9457.0	1	1	0	1	0	1	1	160	(-1, -1, -1, -1, -1)	(4, 3, 2, 1, 0)	GCF_025398335.1.fasta.gz	NZ_JAODOO010000009.1|15841|23008	dereplication_representative
GCF_025567365.1	NZ_JAOQJG010000008.1	6406	13171	5928.0	0	1	0	1	0	1	0	353	(-1, -1, -1)	(2, 1, 0)	GCF_025567365.1.fasta.gz	NZ_JAOQJG010000008.1|6406|13171	dereplication_representative
GCF_025567095.1	NZ_JAOQJH010000006.1	99499	104312	5950.0	0	1	0	1	0	1	0	343	(1, 1, 1)	(2, 1, 0)	GCF_025567095.1.fasta.gz	NZ_JAOQJH010000006.1|99499|104312	dereplication_representative
GCF_034439435.1	NZ_JAPCKJ010000001.1	943546	950043	9528.0	1	1	0	1	0	1	1	116	(-1, -1, -1, -1, -1)	(4, 3, 2, 1, 0)	GCF_034439435.1.fasta.gz	NZ_JAPCKJ010000001.1|943546|950043	dereplication_representative
GCF_026719745.1	NZ_JAPPRQ010000011.1	92185	99003	9492.0	1	1	0	1	0	1	1	134	(1, 1, 1, 1, 1)	(4, 3, 2, 1, 0)	GCF_026719745.1.fasta.gz	NZ_JAPPRQ010000011.1|92185|99003	dereplication_representative
GCF_026735135.1	NZ_JAPQER010000002.1	74677	81524	9525.0	1	1	0	1	0	1	1	118	(1, 1, 1, 1, 1)	(4, 3, 2, 1, 0)	GCF_026735135.1.fasta.gz	NZ_JAPQER010000002.1|74677|81524	dereplication_representative
GCF_026735165.1	NZ_JAPQES010000002.1	172809	179713	9452.0	1	1	0	1	0	1	1	169	(-1, -1, -1, -1, -1)	(4, 3, 2, 1, 0)	GCF_026735165.1.fasta.gz	NZ_JAPQES010000002.1|172809|179713	dereplication_representative
GCF_026738875.1	NZ_JAPQFJ010000007.1	14207	21085	7729.0	1	1	0	1	0	0	1	243	(-1, -1, -1, -1)	(3, 2, 1, 0)	GCF_026738875.1.fasta.gz	NZ_JAPQFJ010000007.1|14207|21085	dereplication_representative
GCF_029914245.1	NZ_JARYZI010000001.1	646386	653452	12734.0	1	1	1	1	1	1	1	3	(-1, -1, -1, -1, -1, -1, -1)	(6, 5, 4, 3, 2, 1, 0)	GCF_029914245.1.fasta.gz	NZ_JARYZI010000001.1|646386|653452	dereplication_representative
GCF_030053595.1	NZ_JASGBQ010000003.1	141096	145805	5985.0	0	1	0	1	0	1	0	332	(-1, -1, -1)	(2, 1, 0)	GCF_030053595.1.fasta.gz	NZ_JASGBQ010000003.1|141096|145805	dereplication_representative
GCF_030131965.1	NZ_JASKYN010000007.1	21045	35390	7876.0	1	1	0	1	1	0	0	236	(-1, -1, -1, -1)	(3, 2, 1, 0)	GCF_030131965.1.fasta.gz	NZ_JASKYN010000007.1|21045|35390	dereplication_representative
GCF_030372275.1	NZ_JAUDDJ010000002.1	5270	10063	6193.0	1	1	0	1	0	0	0	312	(-1, -1, -1)	(2, 1, 0)	GCF_030372275.1.fasta.gz	NZ_JAUDDJ010000002.1|5270|10063	dereplication_representative
GCF_040088595.1	NZ_JAULJF010000005.1	8514	15836	10835.0	1	1	0	1	1	1	1	40	(1, 1, 1, 1, 1, 1)	(5, 4, 3, 2, 1, 0)	GCF_040088595.1.fasta.gz	NZ_JAULJF010000005.1|8514|15836	dereplication_representative
GCF_030546345.1	NZ_JAUONW010000040.1	96325	102794	10167.0	1	1	0	1	0	1	1	59	(1, 1, 1, 1, 1)	(4, 3, 2, 1, 0)	GCF_030546345.1.fasta.gz	NZ_JAUONW010000040.1|96325|102794	dereplication_representative
GCF_030812885.1	NZ_JAUSTO010000001.1	44280	49201	5877.0	0	1	0	1	0	1	0	369	(-1, -1, -1)	(2, 1, 0)	GCF_030812885.1.fasta.gz	NZ_JAUSTO010000001.1|44280|49201	dereplication_representative
GCF_030815255.1	NZ_JAUSWN010000010.1	84128	91045	9433.0	1	1	0	1	0	1	1	177	(1, 1, 1, 1, 1)	(4, 3, 2, 1, 0)	GCF_030815255.1.fasta.gz	NZ_JAUSWN010000010.1|84128|91045	dereplication_representative
GCF_030848475.1	NZ_JAVDDS010000034.1	24118	28632	4952.0	0	0	0	1	0	1	1	395	(1, 1, 1)	(2, 1, 0)	GCF_030848475.1.fasta.gz	NZ_JAVDDS010000034.1|24118|28632	dereplication_representative
GCF_031432315.1	NZ_JAVKGO010000001.1	180890	188521	11128.0	1	1	0	1	1	1	1	32	(1, 1, 1, 1, 1, 1)	(5, 4, 3, 2, 1, 0)	GCF_031432315.1.fasta.gz	NZ_JAVKGO010000001.1|180890|188521	dereplication_representative
GCF_036941135.1	NZ_JAYWSY010000001.1	1115075	1121948	6261.0	1	1	0	1	0	0	0	287	(1, 1, 1)	(2, 1, 0)	GCF_036941135.1.fasta.gz	NZ_JAYWSY010000001.1|1115075|1121948	dereplication_representative
GCF_038739695.1	NZ_JBBEWN010000003.1	38916	42629	4714.0	0	1	1	1	0	0	0	398	(-1, -1, -1)	(2, 1, 0)	GCF_038739695.1.fasta.gz	NZ_JBBEWN010000003.1|38916|42629	dereplication_representative
GCF_037572415.1	NZ_JBBHLB010000001.1	328751	338646	6188.0	1	1	0	1	0	0	0	313	(1, 1, 1)	(2, 1, 0)	GCF_037572415.1.fasta.gz	NZ_JBBHLB010000001.1|328751|338646	dereplication_representative
GCF_040096075.1	NZ_JBBMFJ010000036.1	21039	25728	5900.0	0	1	0	1	0	1	0	363	(-1, -1, -1)	(2, 1, 0)	GCF_040096075.1.fasta.gz	NZ_JBBMFJ010000036.1|21039|25728	dereplication_representative
GCF_040096055.1	NZ_JBBMFK010000012.1	56093	60928	6290.0	1	1	0	1	0	0	0	283	(-1, -1, -1)	(2, 1, 0)	GCF_040096055.1.fasta.gz	NZ_JBBMFK010000012.1|56093|60928	dereplication_representative
GCF_037844525.1	NZ_JBBMMD010000047.1	17164	24993	11213.0	1	1	0	1	1	1	1	27	(1, 1, 1, 1, 1, 1)	(5, 4, 3, 2, 1, 0)	GCF_037844525.1.fasta.gz	NZ_JBBMMD010000047.1|17164|24993	dereplication_representative
GCF_039414295.1	NZ_JBCITM010000002.1	8556	15564	10609.0	1	1	0	1	1	1	1	47	(1, 1, 1, 1, 1, 1)	(5, 4, 3, 2, 1, 0)	GCF_039414295.1.fasta.gz	NZ_JBCITM010000002.1|8556|15564	dereplication_representative
GCF_900182905.1	NZ_FXUF01000003.1	335386	342395	10659.0	1	1	0	1	1	1	1	46	(-1, -1, -1, -1, -1, -1)	(5, 4, 3, 2, 1, 0)	GCF_900182905.1.fasta.gz	NZ_JBCITM010000002.1|8556|15564	redundant
GCF_039503245.1	NZ_JBCLMT010000008.1	84341	89468	6341.0	1	1	0	1	0	0	0	272	(1, 1, 1)	(2, 1, 0)	GCF_039503245.1.fasta.gz	NZ_JBCLMT010000008.1|84341|89468	dereplication_representative
GCF_040719375.1	NZ_JBFDTP010000002.1	327401	332131	5961.0	0	1	0	1	0	1	0	338	(1, 1, 1)	(2, 1, 0)	GCF_040719375.1.fasta.gz	NZ_JBFDTP010000002.1|327401|332131	dereplication_representative
GCF_041205085.1	NZ_JBGEWD010000007.1	111305	118377	9368.0	1	1	0	1	0	1	1	199	(-1, -1, -1, -1, -1)	(4, 3, 2, 1, 0)	GCF_041205085.1.fasta.gz	NZ_JBGEWD010000007.1|111305|118377	dereplication_representative
GCF_041925195.1	NZ_JBHEVB010000002.1	8990	13786	6208.0	1	1	0	1	0	0	0	309	(-1, -1, -1)	(2, 1, 0)	GCF_041925195.1.fasta.gz	NZ_JBHEVB010000002.1|8990|13786	dereplication_representative
GCF_045310525.1	NZ_JBJHZY010000001.1	1492113	1499028	9479.0	1	1	0	1	0	1	1	144	(1, 1, 1, 1, 1)	(4, 3, 2, 1, 0)	GCF_045310525.1.fasta.gz	NZ_JBJHZY010000001.1|1492113|1499028	dereplication_representative
GCF_045310675.1	NZ_JBJHZZ010000006.1	61204	68106	9475.0	1	1	0	1	0	1	1	146	(-1, -1, -1, -1, -1)	(4, 3, 2, 1, 0)	GCF_045310675.1.fasta.gz	NZ_JBJHZZ010000006.1|61204|68106	dereplication_representative
GCF_045310695.1	NZ_JBJIAA010000012.1	93382	100556	9550.0	1	1	0	1	0	1	1	108	(1, 1, 1, 1, 1)	(4, 3, 2, 1, 0)	GCF_045310695.1.fasta.gz	NZ_JBJIAA010000012.1|93382|100556	dereplication_representative
GCF_000724385.2	NZ_JENO01000007.1	50374	57215	9469.0	1	1	0	1	0	1	1	149	(-1, -1, -1, -1, -1)	(4, 3, 2, 1, 0)	GCF_000724385.2.fasta.gz	NZ_JENO01000007.1|50374|57215	dereplication_representative
GCF_000179595.2	NZ_JH556651.1	121017	125484	5068.0	0	0	0	1	0	1	1	393	(1, 1, 1)	(2, 1, 0)	GCF_000179595.2.fasta.gz	NZ_JH556651.1|121017|125484	dereplication_representative
GCF_000242235.1	NZ_JH590863.1	529466	534352	5704.0	0	1	0	1	0	1	0	375	(1, 1, 1)	(2, 1, 0)	GCF_000242235.1.fasta.gz	NZ_JH590863.1|529466|534352	dereplication_representative
GCF_000619945.1	NZ_JHVC01000018.1	3568	10697	9524.0	1	1	0	1	0	1	1	119	(1, 1, 1, 1, 1)	(4, 3, 2, 1, 0)	GCF_000619945.1.fasta.gz	NZ_JHVC01000018.1|3568|10697	dereplication_representative
GCF_000621505.1	NZ_JHYD01000009.1	183433	191372	10353.0	1	1	0	1	1	1	1	55	(-1, -1, -1, -1, -1, -1)	(5, 4, 3, 2, 1, 0)	GCF_000621505.1.fasta.gz	NZ_JHYD01000009.1|183433|191372	dereplication_representative
GCF_000621485.1	NZ_JHYF01000001.1	58893	66471	11304.0	1	1	0	1	1	1	1	20	(1, 1, 1, 1, 1, 1)	(5, 4, 3, 2, 1, 0)	GCF_000621485.1.fasta.gz	NZ_JHYF01000001.1|58893|66471	dereplication_representative
GCF_000699585.2	NZ_JJMM01000005.1	106596	113442	11225.0	1	1	0	1	1	1	1	26	(1, 1, 1, 1, 1, 1)	(5, 4, 3, 2, 1, 0)	GCF_000699585.2.fasta.gz	NZ_JJMM01000005.1|106596|113442	dereplication_representative
GCF_000806225.2	NZ_JOOI01000001.1	354271	361608	10845.0	1	1	0	1	1	1	1	38	(1, 1, 1, 1, 1, 1)	(5, 4, 3, 2, 1, 0)	GCF_000806225.2.fasta.gz	NZ_JOOI01000001.1|354271|361608	dereplication_representative
GCF_003722315.1	NZ_CP033580.1	1708584	1715921	10905.0	1	1	0	1	1	1	1	37	(1, 1, 1, 1, 1, 1)	(5, 4, 3, 2, 1, 0)	GCF_003722315.1.fasta.gz	NZ_JOOI01000001.1|354271|361608	redundant
GCF_000732635.1	NZ_JPMD01000035.1	79335	86173	8169.0	1	1	0	1	0	1	0	221	(1, 1, 1, 1)	(3, 2, 1, 0)	GCF_000732635.1.fasta.gz	NZ_JPMD01000035.1|79335|86173	dereplication_representative
GCF_039521425.1	NZ_BAAACI010000001.1	1106877	1113716	8160.0	1	1	0	1	0	1	0	223	(-1, -1, -1, -1)	(3, 2, 1, 0)	GCF_039521425.1.fasta.gz	NZ_JPMD01000035.1|79335|86173	redundant
GCF_000744935.1	NZ_JQMW01000009.1	1092501	1097146	6529.0	1	1	0	1	0	0	0	267	(-1, -1, -1)	(2, 1, 0)	GCF_000744935.1.fasta.gz	NZ_JQMW01000009.1|1092501|1097146	dereplication_representative
GCF_000383295.1	NZ_KB911066.1	118835	123746	6322.0	1	1	0	1	0	0	0	275	(-1, -1, -1)	(2, 1, 0)	GCF_000383295.1.fasta.gz	NZ_KB911066.1|118835|123746	dereplication_representative
GCF_000686705.1	NZ_KK366004.1	561293	568429	9430.0	1	1	0	1	0	1	1	181	(1, 1, 1, 1, 1)	(4, 3, 2, 1, 0)	GCF_000686705.1.fasta.gz	NZ_KK366004.1|561293|568429	dereplication_representative
GCF_000686725.1	NZ_KK366008.1	171196	178008	9427.0	1	1	0	1	0	1	1	184	(-1, -1, -1, -1, -1)	(4, 3, 2, 1, 0)	GCF_000686725.1.fasta.gz	NZ_KK366008.1|171196|178008	dereplication_representative
GCF_000981035.1	NZ_LAYJ01000101.1	74274	86076	7037.0	1	1	0	1	1	0	0	252	(1, 1, 1, 1)	(3, 2, 1, 0)	GCF_000981035.1.fasta.gz	NZ_LAYJ01000101.1|74274|86076	dereplication_representative
GCF_001047375.1	NZ_LFVU01000027.1	16189	24634	9963.0	1	1	0	1	0	1	1	69	(1, 1, 1, 1, 1)	(4, 3, 2, 1, 0)	GCF_001047375.1.fasta.gz	NZ_LFVU01000027.1|16189|24634	dereplication_representative
GCF_001262605.1	NZ_LGTC01000001.1	793877	802891	9657.0	1	1	0	1	0	1	1	82	(1, 1, 1, 1, 1)	(4, 3, 2, 1, 0)	GCF_001262605.1.fasta.gz	NZ_LGTC01000001.1|793877|802891	dereplication_representative
GCF_001263795.1	NZ_LHUR01000011.1	217545	224381	9621.0	1	1	0	1	0	1	1	87	(-1, -1, -1, -1, -1)	(4, 3, 2, 1, 0)	GCF_001263795.1.fasta.gz	NZ_LHUR01000011.1|217545|224381	dereplication_representative
GCF_001636845.1	NZ_LITT01000004.1	107564	114493	9348.0	1	1	0	1	0	1	1	202	(-1, -1, -1, -1, -1)	(4, 3, 2, 1, 0)	GCF_001636845.1.fasta.gz	NZ_LITT01000004.1|107564|114493	dereplication_representative
GCF_000143685.1	NC_014328.1	3687411	3694350	9336.0	1	1	0	1	0	1	1	203	(-1, -1, -1, -1, -1)	(4, 3, 2, 1, 0)	GCF_000143685.1.fasta.gz	NZ_LITT01000004.1|107564|114493	redundant
GCF_019056555.1	NZ_CP020473.1	1396624	1403563	9320.0	1	1	0	1	0	1	1	205	(-1, -1, -1, -1, -1)	(4, 3, 2, 1, 0)	GCF_019056555.1.fasta.gz	NZ_LITT01000004.1|107564|114493	redundant
GCF_004006395.2	NZ_CP029758.2	3636555	3643493	9350.0	1	1	0	1	0	1	1	201	(-1, -1, -1, -1, -1)	(4, 3, 2, 1, 0)	GCF_004006395.2.fasta.gz	NZ_LITT01000004.1|107564|114493	redundant
GCF_001317355.1	NZ_LKET01000028.1	139088	145969	9960.0	1	1	0	1	0	1	1	70	(-1, -1, -1, -1, -1)	(4, 3, 2, 1, 0)	GCF_001317355.1.fasta.gz	NZ_LKET01000028.1|139088|145969	dereplication_representative
GCF_001440545.1	NZ_LKHP01000003.1	230763	237237	10101.0	1	1	0	1	0	1	1	62	(1, 1, 1, 1, 1)	(4, 3, 2, 1, 0)	GCF_001440545.1.fasta.gz	NZ_LKHP01000003.1|230763|237237	dereplication_representative
GCF_001282685.1	NZ_LN875035.1	3188052	3191702	5337.0	0	0	0	1	0	1	1	376	(-1, -1, -1)	(2, 1, 0)	GCF_001282685.1.fasta.gz	NZ_LN875035.1|3188052|3191702	dereplication_representative
GCF_001282725.1	NZ_LN876587.1	888085	895588	11595.0	1	1	0	1	1	1	1	14	(1, 1, 1, 1, 1, 1)	(5, 4, 3, 2, 1, 0)	GCF_001282725.1.fasta.gz	NZ_LN876587.1|888085|895588	dereplication_representative
GCF_001403635.1	NZ_LN879468.1	1056127	1062808	8173.0	1	1	0	1	0	1	0	220	(-1, -1, -1, -1)	(3, 2, 1, 0)	GCF_001403635.1.fasta.gz	NZ_LN879468.1|1056127|1062808	dereplication_representative
GCF_001562415.1	NZ_LOEE01000019.1	10128	27962	12042.0	1	1	1	1	1	1	1	5	(-1, -1, -1, -1, -1, -1, -1)	(6, 5, 4, 3, 2, 1, 0)	GCF_001562415.1.fasta.gz	NZ_LOEE01000019.1|10128|27962	dereplication_representative
GCF_001559865.1	NZ_LOHE01000068.1	83311	94359	12085.0	1	1	0	2	1	1	1	4	(1, 1, 1, 1, 1, 1, 1)	(6, 5, 4, 3, 2, 1, 0)	GCF_001559865.1.fasta.gz	NZ_LOHE01000068.1|83311|94359	dereplication_representative
GCF_900604345.1	NZ_LR026983.1	86905	99548	6035.0	0	1	0	1	0	1	0	322	(-1, -1, -1)	(2, 1, 0)	GCF_900604345.1.fasta.gz	NZ_LR026983.1|86905|99548	dereplication_representative
GCF_900538275.1	NZ_LR130778.1	3074665	3081344	5956.0	0	1	0	1	0	1	0	339	(1, 1, 1)	(2, 1, 0)	GCF_900538275.1.fasta.gz	NZ_LR130778.1|3074665|3081344	dereplication_representative
GCF_900626135.1	NZ_LR130785.1	1547702	1555023	11174.0	1	1	0	1	1	1	1	29	(1, 1, 1, 1, 1, 1)	(5, 4, 3, 2, 1, 0)	GCF_900626135.1.fasta.gz	NZ_LR130785.1|1547702|1555023	dereplication_representative
GCF_009911265.1	NZ_QXXA01000009.1	103459	110782	11260.0	1	1	0	1	1	1	1	24	(-1, -1, -1, -1, -1, -1)	(5, 4, 3, 2, 1, 0)	GCF_009911265.1.fasta.gz	NZ_LR130785.1|1547702|1555023	redundant
GCF_900626285.1	NZ_LR131147.1	33945	44374	6254.0	1	1	0	1	0	0	0	290	(1, 1, 1)	(2, 1, 0)	GCF_900626285.1.fasta.gz	NZ_LR131147.1|33945|44374	dereplication_representative
GCF_901482605.1	NZ_LR590481.1	1927708	1934626	9397.0	1	1	0	1	0	1	1	195	(-1, -1, -1, -1, -1)	(4, 3, 2, 1, 0)	GCF_901482605.1.fasta.gz	NZ_LR590481.1|1927708|1934626	dereplication_representative
GCF_902387945.1	NZ_LR699010.1	1921565	1927585	5819.0	0	1	0	1	0	1	0	373	(-1, -1, -1)	(2, 1, 0)	GCF_902387945.1.fasta.gz	NZ_LR699010.1|1921565|1927585	dereplication_representative
GCF_001571775.1	NZ_LRVM01000006.1	145605	152022	3375.0	0	0	0	1	0	1	1	399	(1, -1, -1)	(2, 1, 0)	GCF_001571775.1.fasta.gz	NZ_LRVM01000006.1|145605|152022	dereplication_representative
GCF_900106845.1	NZ_LT629850.1	151086	159770	7899.0	1	1	0	1	1	0	0	231	(1, 1, 1, 1)	(3, 2, 1, 0)	GCF_900106845.1.fasta.gz	NZ_LT629850.1|151086|159770	dereplication_representative
GCF_900104675.1	NZ_LT629945.1	2223999	2228866	6258.0	1	1	0	1	0	0	0	288	(1, 1, 1)	(2, 1, 0)	GCF_900104675.1.fasta.gz	NZ_LT629945.1|2223999|2228866	dereplication_representative
GCF_900155545.1	NZ_LT732526.1	2845968	2850720	5954.0	0	1	0	1	0	1	0	340	(-1, -1, -1)	(2, 1, 0)	GCF_900155545.1.fasta.gz	NZ_LT732526.1|2845968|2850720	dereplication_representative
GCF_900205865.1	NZ_LT906662.1	67392	74775	10773.0	1	1	0	1	1	1	1	41	(-1, -1, -1, -1, -1, -1)	(5, 4, 3, 2, 1, 0)	GCF_900205865.1.fasta.gz	NZ_LT906662.1|67392|74775	dereplication_representative
GCF_900199635.1	NZ_LT962687.1	1490995	1496056	6214.0	1	1	0	1	0	0	0	307	(-1, -1, -1)	(2, 1, 0)	GCF_900199635.1.fasta.gz	NZ_LT962687.1|1490995|1496056	dereplication_representative
GCF_900199405.1	NZ_LT963430.1	1899529	1907258	8318.0	1	1	0	1	0	1	0	217	(1, 1, 1, 1)	(3, 2, 1, 0)	GCF_900199405.1.fasta.gz	NZ_LT963430.1|1899529|1907258	dereplication_representative
GCF_001594005.1	NZ_LTBA01000001.1	392462	399332	9606.0	1	1	0	1	0	1	1	91	(-1, -1, -1, -1, -1)	(4, 3, 2, 1, 0)	GCF_001594005.1.fasta.gz	NZ_LTBA01000001.1|392462|399332	dereplication_representative
GCF_001593985.1	NZ_LTBB01000001.1	43309	50138	9556.0	1	1	0	1	0	1	1	105	(-1, -1, -1, -1, -1)	(4, 3, 2, 1, 0)	GCF_001593985.1.fasta.gz	NZ_LTBB01000001.1|43309|50138	dereplication_representative
GCF_001623875.1	NZ_LWAE01000001.1	832539	839731	9489.0	1	1	0	1	0	1	1	137	(1, 1, 1, 1, 1)	(4, 3, 2, 1, 0)	GCF_001623875.1.fasta.gz	NZ_LWAE01000001.1|832539|839731	dereplication_representative
GCF_001655775.1	NZ_LXFF01000014.1	17687	24127	9292.0	1	1	0	1	0	1	1	208	(-1, -1, -1, -1, -1)	(4, 3, 2, 1, 0)	GCF_001655775.1.fasta.gz	NZ_LXFF01000014.1|17687|24127	dereplication_representative
GCF_001758365.1	NZ_LZFO01000032.1	12223	19052	9601.0	1	1	0	1	0	1	1	94	(-1, -1, -1, -1, -1)	(4, 3, 2, 1, 0)	GCF_001758365.1.fasta.gz	NZ_LZFO01000032.1|12223|19052	dereplication_representative
GCF_001940315.1	NZ_MJIF01000001.1	852509	861039	5921.0	0	1	0	1	0	1	0	356	(-1, -1, -1)	(2, 1, 0)	GCF_001940315.1.fasta.gz	NZ_MJIF01000001.1|852509|861039	dereplication_representative
GCF_001940245.1	NZ_MJIG01000003.1	270073	276885	5940.0	0	1	0	1	0	1	0	348	(1, 1, 1)	(2, 1, 0)	GCF_001940245.1.fasta.gz	NZ_MJIG01000003.1|270073|276885	dereplication_representative
GCF_002029235.1	NZ_MZGV01000008.1	62285	69336	9521.0	1	1	0	1	0	1	1	122	(1, 1, 1, 1, 1)	(4, 3, 2, 1, 0)	GCF_002029235.1.fasta.gz	NZ_MZGV01000008.1|62285|69336	dereplication_representative
GCF_002051585.1	NZ_MZGX01000020.1	10349	18459	10343.0	1	1	0	1	1	1	1	56	(1, 1, 1, 1, 1, 1)	(5, 4, 3, 2, 1, 0)	GCF_002051585.1.fasta.gz	NZ_MZGX01000020.1|10349|18459	dereplication_representative
GCF_002969215.1	NZ_NEMB01000003.1	3000213	3004653	5020.0	0	0	0	1	0	1	1	394	(-1, -1, -1)	(2, 1, 0)	GCF_002969215.1.fasta.gz	NZ_NEMB01000003.1|3000213|3004653	dereplication_representative
GCF_002159175.1	NZ_NFGZ01000003.1	187253	195884	6231.0	1	1	0	1	0	0	0	301	(-1, -1, -1)	(2, 1, 0)	GCF_002159175.1.fasta.gz	NZ_NFGZ01000003.1|187253|195884	dereplication_representative
GCF_002159465.1	NZ_NFIR01000007.1	2644	8839	5876.0	0	1	0	1	0	1	0	370	(1, 1, 1)	(2, 1, 0)	GCF_002159465.1.fasta.gz	NZ_NFIR01000007.1|2644|8839	dereplication_representative
GCF_002161055.1	NZ_NFLT01000005.1	89842	93387	5261.0	0	0	0	1	0	1	1	378	(1, 1, 1)	(2, 1, 0)	GCF_002161055.1.fasta.gz	NZ_NFLT01000005.1|89842|93387	dereplication_representative
GCF_002161085.1	NZ_NFLU01000008.1	23861	37995	6641.0	1	1	1	1	0	0	0	259	(1, 1, 1, 1)	(3, 2, 1, 0)	GCF_002161085.1.fasta.gz	NZ_NFLU01000008.1|23861|37995	dereplication_representative
GCF_002161065.1	NZ_NFLV01000003.1	187260	193346	5882.0	0	1	0	1	0	1	0	367	(-1, -1, -1)	(2, 1, 0)	GCF_002161065.1.fasta.gz	NZ_NFLV01000003.1|187260|193346	dereplication_representative
GCF_002161175.1	NZ_NFMA01000005.1	42490	47389	6226.0	1	1	0	1	0	0	0	303	(-1, -1, -1)	(2, 1, 0)	GCF_002161175.1.fasta.gz	NZ_NFMA01000005.1|42490|47389	dereplication_representative
GCF_002161215.1	NZ_NFMB01000007.1	234145	244427	6312.0	1	1	0	1	0	0	0	277	(-1, -1, -1)	(2, 1, 0)	GCF_002161215.1.fasta.gz	NZ_NFMB01000007.1|234145|244427	dereplication_representative
GCF_002270055.1	NZ_NIBG01000001.1	41833	53998	11490.0	1	1	0	1	1	1	1	16	(1, 1, 1, 1, 1, 1)	(5, 4, 3, 2, 1, 0)	GCF_002270055.1.fasta.gz	NZ_NIBG01000001.1|41833|53998	dereplication_representative
GCF_002216005.1	NZ_NIQC01000018.1	34583	40402	6337.0	1	1	0	1	0	0	0	273	(-1, -1, -1)	(2, 1, 0)	GCF_002216005.1.fasta.gz	NZ_NIQC01000018.1|34583|40402	dereplication_representative
GCF_002250835.2	NZ_NOJY02000003.1	54947	63695	7925.0	1	1	0	1	1	0	0	228	(-1, -1, -1, -1)	(3, 2, 1, 0)	GCF_002250835.2.fasta.gz	NZ_NOJY02000003.1|54947|63695	dereplication_representative
GCF_002252565.1	NZ_NPML01000007.1	276849	289721	6561.0	1	1	0	1	0	0	0	266	(-1, -1, -1)	(2, 1, 0)	GCF_002252565.1.fasta.gz	NZ_NPML01000007.1|276849|289721	dereplication_representative
GCF_900205925.1	NZ_OAOD01000003.1	60143	67674	9505.0	1	1	0	1	0	1	1	130	(1, 1, 1, 1, 1)	(4, 3, 2, 1, 0)	GCF_900205925.1.fasta.gz	NZ_OAOD01000003.1|60143|67674	dereplication_representative
GCF_900205965.1	NZ_OAOF01000003.1	401680	406404	5944.0	0	1	0	1	0	1	0	347	(1, 1, 1)	(2, 1, 0)	GCF_900205965.1.fasta.gz	NZ_OAOF01000003.1|401680|406404	dereplication_representative
GCF_900205945.1	NZ_OAOH01000001.1	453437	464182	9573.0	1	1	0	1	0	1	1	99	(1, 1, 1, 1, 1)	(4, 3, 2, 1, 0)	GCF_900205945.1.fasta.gz	NZ_OAOH01000001.1|453437|464182	dereplication_representative
GCF_900240385.1	NZ_OEQH01000003.1	382811	387853	6306.0	1	1	0	1	0	0	0	279	(1, 1, 1)	(2, 1, 0)	GCF_900240385.1.fasta.gz	NZ_OEQH01000003.1|382811|387853	dereplication_representative
GCF_934924865.1	NZ_OW235315.1	873458	881380	11263.0	1	1	0	1	1	1	1	23	(1, 1, 1, 1, 1, 1)	(5, 4, 3, 2, 1, 0)	GCF_934924865.1.fasta.gz	NZ_OW235315.1|873458|881380	dereplication_representative
GCF_965140945.1	NZ_OZ223661.1	965803	976068	10836.0	1	1	0	1	1	1	1	39	(1, 1, 1, 1, 1, 1)	(5, 4, 3, 2, 1, 0)	GCF_965140945.1.fasta.gz	NZ_OZ223661.1|965803|976068	dereplication_representative
GCF_002735925.1	NZ_PEDL01000002.1	131692	135469	5249.0	0	0	0	1	0	1	1	379	(1, 1, 1)	(2, 1, 0)	GCF_002735925.1.fasta.gz	NZ_PEDL01000002.1|131692|135469	dereplication_representative
GCF_002796935.1	NZ_PETE01000002.1	3921231	3928539	9602.0	1	1	0	1	0	1	1	93	(1, 1, 1, 1, 1)	(4, 3, 2, 1, 0)	GCF_002796935.1.fasta.gz	NZ_PETE01000002.1|3921231|3928539	dereplication_representative
GCF_002899675.1	NZ_PKUU01000024.1	78223	82920	5899.0	0	1	0	1	0	1	0	364	(1, 1, 1)	(2, 1, 0)	GCF_002899675.1.fasta.gz	NZ_PKUU01000024.1|78223|82920	dereplication_representative
GCF_002964605.1	NZ_PQDH01000001.1	223422	231090	7495.0	0	1	0	1	0	1	1	250	(-1, -1, -1, -1)	(3, 2, 1, 0)	GCF_002964605.1.fasta.gz	NZ_PQDH01000001.1|223422|231090	dereplication_representative
GCF_002934545.1	NZ_PTJA01000001.1	684800	689568	5979.0	0	1	0	1	0	1	0	335	(1, 1, 1)	(2, 1, 0)	GCF_002934545.1.fasta.gz	NZ_PTJA01000001.1|684800|689568	dereplication_representative
GCF_013036995.1	NZ_JAAOXG010000088.1	32184	36953	5945.0	0	1	0	1	0	1	0	345	(1, 1, 1)	(2, 1, 0)	GCF_013036995.1.fasta.gz	NZ_PTJA01000001.1|684800|689568	redundant
GCF_048627165.1	NZ_JBMBWP010000002.1	1910090	1914859	5919.0	0	1	0	1	0	1	0	358	(-1, -1, -1)	(2, 1, 0)	GCF_048627165.1.fasta.gz	NZ_PTJA01000001.1|684800|689568	redundant
GCF_003024715.1	NZ_PYLO01000004.1	243048	247787	6018.0	0	1	0	1	0	1	0	325	(1, 1, 1)	(2, 1, 0)	GCF_003024715.1.fasta.gz	NZ_PYLO01000004.1|243048|247787	dereplication_representative
GCF_003208175.1	NZ_QKMR01000014.1	19947	28092	10370.0	1	1	0	1	1	1	1	54	(1, 1, 1, 1, 1, 1)	(5, 4, 3, 2, 1, 0)	GCF_003208175.1.fasta.gz	NZ_QKMR01000014.1|19947|28092	dereplication_representative
GCF_003337415.1	NZ_QPJT01000016.1	48305	56489	9589.0	1	1	0	1	0	1	1	96	(-1, -1, -1, -1, -1)	(4, 3, 2, 1, 0)	GCF_003337415.1.fasta.gz	NZ_QPJT01000016.1|48305|56489	dereplication_representative
GCF_003463065.1	NZ_QSCM01000004.1	152538	166007	6081.0	1	0	0	1	0	1	0	319	(-1, -1, -1)	(2, 1, 0)	GCF_003463065.1.fasta.gz	NZ_QSCM01000004.1|152538|166007	dereplication_representative
GCF_003477935.1	NZ_QUEH01000004.1	36282	40970	5921.0	0	1	0	1	0	1	0	355	(1, 1, 1)	(2, 1, 0)	GCF_003477935.1.fasta.gz	NZ_QUEH01000004.1|36282|40970	dereplication_representative
GCF_003478505.1	NZ_QUFI01000007.1	117309	121997	5878.0	0	1	0	1	0	1	0	368	(1, 1, 1)	(2, 1, 0)	GCF_003478505.1.fasta.gz	NZ_QUFI01000007.1|117309|121997	dereplication_representative
GCF_003480105.1	NZ_QUIK01000001.1	111368	116056	5913.0	0	1	0	1	0	1	0	360	(-1, -1, -1)	(2, 1, 0)	GCF_003480105.1.fasta.gz	NZ_QUIK01000001.1|111368|116056	dereplication_representative
GCF_003435515.1	NZ_QVME01000001.1	327244	332055	6195.0	1	1	0	1	0	0	0	311	(1, 1, 1)	(2, 1, 0)	GCF_003435515.1.fasta.gz	NZ_QVME01000001.1|327244|332055	dereplication_representative
GCF_009935845.1	NZ_QWEK01000015.1	70644	75922	6205.0	1	1	0	1	0	0	0	310	(-1, -1, -1)	(2, 1, 0)	GCF_009935845.1.fasta.gz	NZ_QWEK01000015.1|70644|75922	dereplication_representative
GCF_003435225.1	NZ_QWGJ01000001.1	164526	169504	5945.0	0	1	0	1	0	1	0	344	(1, 1, 1)	(2, 1, 0)	GCF_003435225.1.fasta.gz	NZ_QWGJ01000001.1|164526|169504	dereplication_representative
GCF_003752155.1	NZ_RJVG01000011.1	6339	17527	5174.0	0	1	0	1	0	1	0	383	(1, 1, 1)	(2, 1, 0)	GCF_003752155.1.fasta.gz	NZ_RJVG01000011.1|6339|17527	dereplication_representative
GCF_004102745.1	NZ_RLII01000004.1	99124	103584	5136.0	0	0	0	1	0	1	1	386	(-1, -1, -1)	(2, 1, 0)	GCF_004102745.1.fasta.gz	NZ_RLII01000004.1|99124|103584	dereplication_representative
GCF_004138105.1	NZ_RXHQ01000004.1	115366	122370	9793.0	1	1	0	1	0	1	1	81	(-1, -1, -1, -1, -1)	(4, 3, 2, 1, 0)	GCF_004138105.1.fasta.gz	NZ_RXHQ01000004.1|115366|122370	dereplication_representative
GCF_008086585.1	NZ_RXYD01000001.1	284141	293238	10137.0	1	1	0	1	0	1	1	60	(-1, -1, -1, -1, -1)	(4, 3, 2, 1, 0)	GCF_008086585.1.fasta.gz	NZ_RXYD01000001.1|284141|293238	dereplication_representative
GCF_004138215.1	NZ_RYYS01000042.1	4792	11755	10686.0	1	1	0	1	0	1	1	43	(1, 1, 1, 1, 1)	(4, 3, 2, 1, 0)	GCF_004138215.1.fasta.gz	NZ_RYYS01000042.1|4792|11755	dereplication_representative
GCF_004134775.1	NZ_SDOZ01000003.1	234085	242035	8988.0	1	1	0	1	1	1	1	213	(-1, -1, -1, -1, -1, -1)	(5, 4, 3, 2, 1, 0)	GCF_004134775.1.fasta.gz	NZ_SDOZ01000003.1|234085|242035	dereplication_representative
GCF_004216775.1	NZ_SGXF01000001.1	1027093	1033963	5930.0	0	1	0	1	0	1	0	352	(-1, -1, -1)	(2, 1, 0)	GCF_004216775.1.fasta.gz	NZ_SGXF01000001.1|1027093|1033963	dereplication_representative
GCF_004345705.1	NZ_SLWV01000001.1	74936	82410	11662.0	1	1	0	1	1	1	1	10	(-1, -1, -1, -1, -1, -1)	(5, 4, 3, 2, 1, 0)	GCF_004345705.1.fasta.gz	NZ_SLWV01000001.1|74936|82410	dereplication_representative
GCF_004342165.1	NZ_SMAL01000001.1	69686	76900	6091.0	0	1	0	1	0	1	0	318	(1, 1, 1)	(2, 1, 0)	GCF_004342165.1.fasta.gz	NZ_SMAL01000001.1|69686|76900	dereplication_representative
GCF_004364155.1	NZ_SOAZ01000034.1	964	7442	7849.0	1	1	0	1	1	0	0	240	(-1, -1, -1, -1)	(3, 2, 1, 0)	GCF_004364155.1.fasta.gz	NZ_SOAZ01000034.1|964|7442	dereplication_representative
GCF_009910325.1	NZ_SUMG01000014.1	9602	16102	10680.0	1	1	0	1	1	1	1	44	(-1, -1, -1, -1, -1, -1)	(5, 4, 3, 2, 1, 0)	GCF_009910325.1.fasta.gz	NZ_SUMG01000014.1|9602|16102	dereplication_representative
GCF_900461065.1	NZ_UAVV01000002.1	573263	580087	9604.0	1	1	0	1	0	1	1	92	(1, 1, 1, 1, 1)	(4, 3, 2, 1, 0)	GCF_900461065.1.fasta.gz	NZ_UAVV01000002.1|573263|580087	dereplication_representative
GCF_900461105.1	NZ_UFWZ01000001.1	1897408	1904322	9527.0	1	1	0	1	0	1	1	117	(-1, -1, -1, -1, -1)	(4, 3, 2, 1, 0)	GCF_900461105.1.fasta.gz	NZ_UFWZ01000001.1|1897408|1904322	dereplication_representative
GCF_000703125.1	NZ_JNLN01000001.1	2869230	2876146	9485.0	1	1	0	1	0	1	1	140	(-1, -1, -1, -1, -1)	(4, 3, 2, 1, 0)	GCF_000703125.1.fasta.gz	NZ_UFWZ01000001.1|1897408|1904322	redundant
GCF_900626075.1	NZ_UYZY01000004.1	500079	504846	5933.0	0	1	0	1	0	1	0	351	(1, 1, 1)	(2, 1, 0)	GCF_900626075.1.fasta.gz	NZ_UYZY01000004.1|500079|504846	dereplication_representative
GCF_900626095.1	NZ_UYZZ01000002.1	278797	285916	7720.0	1	1	0	1	0	0	1	244	(-1, -1, -1, -1)	(3, 2, 1, 0)	GCF_900626095.1.fasta.gz	NZ_UYZZ01000002.1|278797|285916	dereplication_representative
GCF_006714885.1	NZ_VFMF01000001.1	361555	366367	6279.0	1	1	0	1	0	0	0	284	(-1, -1, -1)	(2, 1, 0)	GCF_006714885.1.fasta.gz	NZ_VFMF01000001.1|361555|366367	dereplication_representative
GCF_008274215.1	NZ_VTPS01000001.1	192334	198746	8696.0	0	1	0	1	1	1	1	214	(-1, -1, -1, -1, -1)	(4, 3, 2, 1, 0)	GCF_008274215.1.fasta.gz	NZ_VTPS01000001.1|192334|198746	dereplication_representative
GCF_009696465.1	NZ_VULX01000001.1	5531	12427	9431.0	1	1	0	1	0	1	1	180	(1, 1, 1, 1, 1)	(4, 3, 2, 1, 0)	GCF_009696465.1.fasta.gz	NZ_VULX01000001.1|5531|12427	dereplication_representative
GCF_009696145.1	NZ_VUMO01000001.1	187883	192110	6623.0	1	1	0	1	0	0	0	261	(1, 1, 1)	(2, 1, 0)	GCF_009696145.1.fasta.gz	NZ_VUMO01000001.1|187883|192110	dereplication_representative
GCF_009696045.1	NZ_VUMT01000028.1	2839	21282	8639.0	0	1	0	4	0	1	0	215	(-1, -1, -1, -1, -1, -1)	(5, 4, 3, 2, 1, 0)	GCF_009696045.1.fasta.gz	NZ_VUMT01000028.1|2839|21282	dereplication_representative
GCF_009362815.1	NZ_WHNX01000002.1	204663	213214	9815.0	1	1	0	1	0	1	1	80	(1, 1, 1, 1, 1)	(4, 3, 2, 1, 0)	GCF_009362815.1.fasta.gz	NZ_WHNX01000002.1|204663|213214	dereplication_representative
GCF_014284395.1	NZ_WJBB01000011.1	83652	87827	6642.0	1	1	0	1	0	0	0	258	(1, 1, 1)	(2, 1, 0)	GCF_014284395.1.fasta.gz	NZ_WJBB01000011.1|83652|87827	dereplication_representative
GCF_008086595.1	NZ_RXYA01000011.1	77830	82005	6582.0	1	1	0	1	0	0	0	263	(1, 1, 1)	(2, 1, 0)	GCF_008086595.1.fasta.gz	NZ_WJBB01000011.1|83652|87827	redundant
GCF_014284495.1	NZ_WJBE01000008.1	87059	91357	6570.0	1	1	0	1	0	0	0	264	(1, 1, 1)	(2, 1, 0)	GCF_014284495.1.fasta.gz	NZ_WJBE01000008.1|87059|91357	dereplication_representative
GCF_009765695.1	NZ_WSLF01000005.1	52914	62411	9535.0	1	1	0	1	0	1	1	112	(1, 1, 1, 1, 1)	(4, 3, 2, 1, 0)	GCF_009765695.1.fasta.gz	NZ_WSLF01000005.1|52914|62411	dereplication_representative
